流id,端口id,开始发送时间
0,4,45
1,2,3
2,5,3
3,2,48
4,4,46
5,7,6
6,1,36
7,3,48
8,1,19
9,7,34
10,0,41
11,3,41
12,6,1
13,0,46
14,1,7
15,0,41
16,0,26
17,3,23
18,0,34
19,0,12
20,0,45
21,6,18
22,0,37
23,0,0
24,2,41
25,4,8
26,2,9
27,6,3
28,2,30
29,1,21
30,5,35
31,0,12
32,0,38
33,6,38
34,3,8
35,0,13
36,7,12
37,4,24
38,6,30
39,0,32
40,7,27
41,3,27
42,4,32
43,0,8
44,2,14
45,4,10
46,6,45
47,1,6
48,6,20
49,5,23
50,0,33
51,1,6
52,4,35
53,5,47
54,0,45
55,3,1
56,1,25
57,3,44
58,2,29
59,2,18
60,4,0
61,6,3
62,0,4
63,4,10
64,7,30
65,0,14
66,2,1
67,2,43
68,0,16
69,1,23
70,4,17
71,0,31
72,6,20
73,6,21
74,1,34
75,3,2
76,2,45
77,1,5
78,0,18
79,4,9
80,6,12
81,7,44
82,6,21
83,5,1
84,1,18
85,2,7
86,3,40
87,0,41
88,0,46
89,1,26
90,1,11
91,2,7
92,0,41
93,5,10
94,6,32
95,6,11
96,7,38
97,1,23
98,4,39
99,7,29
100,4,31
101,2,11
102,6,38
103,6,49
104,0,49
105,0,35
106,1,40
107,6,30
108,2,29
109,4,8
110,4,45
111,3,0
112,6,0
113,0,7
114,6,23
115,0,31
116,7,47
117,7,7
118,7,44
119,7,42
120,1,10
121,6,7
122,0,26
123,0,22
124,0,48
125,0,3
126,2,37
127,6,13
128,6,27
129,0,26
130,6,32
131,0,47
132,0,34
133,6,28
134,6,2
135,2,43
136,2,22
137,1,38
138,4,44
139,1,24
140,0,45
141,1,20
142,4,30
143,6,9
144,1,-2
145,0,22
146,4,1
147,4,48
148,4,49
149,4,30
150,6,3
151,4,2
152,4,40
153,4,15
154,4,31
155,4,47
156,4,45
157,4,1
158,0,28
159,4,6
160,0,37
161,6,10
162,6,45
163,0,40
164,7,4
165,7,25
166,4,31
167,0,27
168,0,42
169,1,45
170,1,25
171,5,31
172,5,28
173,1,15
174,0,11
175,0,19
176,1,19
177,1,36
178,0,4
179,0,36
180,6,7
181,7,31
182,3,49
183,1,45
184,6,32
185,5,43
186,6,19
187,3,27
188,6,39
189,6,43
190,6,17
191,0,37
192,1,16
193,1,33
194,1,44
195,0,33
196,2,31
197,5,30
198,6,6
199,0,3
200,3,8
201,3,14
202,5,38
203,0,44
204,4,14
205,3,18
206,6,39
207,5,22
208,5,22
209,3,31
210,0,32
211,4,22
212,2,33
213,0,14
214,0,5
215,1,35
216,0,16
217,7,10
218,0,0
219,0,39
220,3,35
221,1,28
222,1,44
223,2,49
224,2,35
225,3,37
226,2,3
227,4,7
228,2,22
229,7,32
230,2,1
231,0,38
232,2,31
233,1,17
234,1,5
235,0,19
236,0,5
237,0,43
238,5,36
239,2,13
240,4,37
241,0,25
242,4,36
243,6,4
244,5,37
245,4,38
246,2,26
247,2,12
248,0,36
249,2,48
250,6,46
251,0,30
252,7,37
253,0,37
254,4,38
255,2,35
256,1,34
257,0,26
258,1,25
259,0,34
260,2,37
261,0,32
262,1,2
263,1,5
264,0,5
265,0,25
266,5,39
267,0,30
268,7,31
269,2,46
270,0,5
271,4,13
272,2,46
273,4,4
274,2,42
275,3,15
276,1,5
277,2,32
278,2,46
279,1,10
280,0,15
281,7,38
282,0,7
283,0,41
284,1,40
285,7,23
286,1,44
287,1,-1
288,2,26
289,0,46
290,2,4
291,0,29
292,1,31
293,0,44
294,0,19
295,1,15
296,6,43
297,7,48
298,6,19
299,1,40
300,1,44
301,0,3
302,0,21
303,2,3
304,1,1
305,3,22
306,1,44
307,4,40
308,4,44
309,5,17
310,4,36
311,3,27
312,7,24
313,2,35
314,1,15
315,2,18
316,0,25
317,0,9
318,5,11
319,7,47
320,1,29
321,7,17
322,3,2
323,6,29
324,5,32
325,1,26
326,1,43
327,1,45
328,1,27
329,0,15
330,0,5
331,2,33
332,0,1
333,1,19
334,4,28
335,1,20
336,6,14
337,3,11
338,7,32
339,1,1
340,5,2
341,3,10
342,2,10
343,0,4
344,0,5
345,2,18
346,4,7
347,6,28
348,4,30
349,4,27
350,4,13
351,2,43
352,0,21
353,4,10
354,2,4
355,4,29
356,6,34
357,6,20
358,0,17
359,1,43
360,1,18
361,4,27
362,2,5
363,1,42
364,2,6
365,6,45
366,0,47
367,0,45
368,4,17
369,2,3
370,0,22
371,2,18
372,0,26
373,1,18
374,4,39
375,0,48
376,4,34
377,2,31
378,6,26
379,3,10
380,0,8
381,1,34
382,4,43
383,3,42
384,1,22
385,5,46
386,0,12
387,1,15
388,0,29
389,3,27
390,0,4
391,6,30
392,4,8
393,0,41
394,4,8
395,4,20
396,4,11
397,6,47
398,5,38
399,6,28
400,1,32
401,4,14
402,7,38
403,6,22
404,5,18
405,6,14
406,0,25
407,6,8
408,0,3
409,1,44
410,6,8
411,7,2
412,0,24
413,4,16
414,0,42
415,0,32
416,0,40
417,4,30
418,3,39
419,3,12
420,3,48
421,3,38
422,0,30
423,0,12
424,0,12
425,4,15
426,4,23
427,0,3
428,4,13
429,4,32
430,4,49
431,4,44
432,4,47
433,4,7
434,4,25
435,0,43
436,1,24
437,0,9
438,4,0
439,4,7
440,3,13
441,0,23
442,3,46
443,3,41
444,2,18
445,2,36
446,2,28
447,2,47
448,2,40
449,2,5
450,2,34
451,4,37
452,0,44
453,4,10
454,0,26
455,1,9
456,6,7
457,0,46
458,2,9
459,2,22
460,5,36
461,0,10
462,4,34
463,2,19
464,0,11
465,1,1
466,1,37
467,1,7
468,6,35
469,5,19
470,2,28
471,2,35
472,2,28
473,2,14
474,7,41
475,0,15
476,6,15
477,6,28
478,4,43
479,1,9
480,2,45
481,2,15
482,1,41
483,4,6
484,6,41
485,1,45
486,4,7
487,1,19
488,4,13
489,0,45
490,4,33
491,1,6
492,1,14
493,1,46
494,4,47
495,4,2
496,3,3
497,0,22
498,2,16
499,0,49
500,4,1
501,6,38
502,0,20
503,0,31
504,0,6
505,6,5
506,0,16
507,5,19
508,2,16
509,4,7
510,1,45
511,1,24
512,5,37
513,2,4
514,3,6
515,6,47
516,5,13
517,0,31
518,0,4
519,0,26
520,1,12
521,6,44
522,0,26
523,7,14
524,0,2
525,0,32
526,1,39
527,2,48
528,7,16
529,6,7
530,0,19
531,0,26
532,3,44
533,6,39
534,1,28
535,4,38
536,5,23
537,6,26
538,6,21
539,2,42
540,4,41
541,3,17
542,0,11
543,0,23
544,2,49
545,4,20
546,6,37
547,1,36
548,4,23
549,4,15
550,4,46
551,4,22
552,2,21
553,6,18
554,5,19
555,1,32
556,0,9
557,0,39
558,1,26
559,4,12
560,0,38
561,0,46
562,6,43
563,2,38
564,0,47
565,1,37
566,1,26
567,1,20
568,3,39
569,2,42
570,3,14
571,4,1
572,0,42
573,3,12
574,0,1
575,4,47
576,3,44
577,7,32
578,0,5
579,0,49
580,1,37
581,0,44
582,2,29
583,1,36
584,1,19
585,6,42
586,6,41
587,1,-3
588,2,29
589,0,37
590,1,17
591,0,11
592,2,1
593,0,11
594,2,30
595,4,44
596,4,3
597,4,14
598,3,32
599,1,18
600,0,14
601,0,12
602,4,42
603,2,46
604,7,2
605,5,44
606,7,45
607,6,22
608,1,12
609,1,27
610,2,3
611,1,2
612,0,34
613,3,24
614,7,25
615,5,14
616,6,39
617,0,24
618,0,15
619,0,36
620,2,37
621,4,24
622,1,45
623,7,49
624,1,-2
625,0,41
626,4,11
627,0,19
628,3,18
629,7,11
630,5,6
631,3,9
632,6,38
633,0,49
634,3,26
635,0,40
636,0,4
637,2,31
638,2,43
639,4,26
640,0,37
641,5,38
642,4,9
643,1,26
644,0,16
645,2,25
646,1,31
647,0,24
648,2,6
649,3,16
650,7,43
651,0,31
652,0,40
653,0,47
654,2,3
655,0,24
656,2,44
657,0,37
658,2,12
659,4,12
660,4,18
661,5,43
662,6,36
663,4,28
664,2,7
665,4,40
666,0,2
667,2,48
668,0,13
669,1,29
670,6,36
671,1,30
672,6,18
673,0,36
674,3,8
675,4,37
676,0,37
677,2,13
678,0,24
679,1,8
680,5,11
681,3,28
682,4,23
683,3,18
684,6,30
685,1,18
686,4,49
687,0,16
688,4,42
689,0,22
690,1,39
691,2,21
692,3,23
693,4,33
694,4,19
695,6,20
696,6,37
697,3,26
698,0,16
699,0,46
700,0,37
701,7,37
702,0,18
703,1,23
704,3,27
705,0,38
706,1,9
707,0,42
708,2,24
709,2,10
710,5,11
711,5,44
712,0,7
713,0,8
714,7,16
715,6,10
716,0,8
717,4,38
718,6,42
719,0,6
720,6,19
721,0,22
722,2,3
723,4,18
724,0,23
725,1,28
726,3,15
727,2,33
728,2,33
729,4,38
730,1,27
731,2,21
732,0,12
733,3,44
734,4,5
735,0,22
736,1,34
737,0,45
738,0,25
739,2,5
740,4,10
741,1,23
742,2,12
743,5,49
744,3,48
745,2,15
746,3,23
747,4,13
748,6,48
749,0,7
750,4,24
751,2,16
752,0,19
753,2,48
754,3,10
755,0,48
756,3,8
757,5,47
758,0,12
759,0,26
760,6,16
761,1,30
762,2,45
763,0,24
764,1,3
765,3,44
766,0,28
767,2,15
768,0,11
769,1,-3
770,4,15
771,6,20
772,6,41
773,0,16
774,2,0
775,1,10
776,5,1
777,6,49
778,1,37
779,4,16
780,0,4
781,3,24
782,4,48
783,6,12
784,6,17
785,2,8
786,0,3
787,0,27
788,2,35
789,1,-2
790,1,30
791,1,27
792,7,22
793,1,7
794,6,2
795,0,17
796,2,45
797,0,18
798,0,16
799,2,28
800,6,31
801,1,21
802,2,8
803,5,14
804,4,4
805,0,34
806,1,17
807,0,30
808,2,30
809,3,12
810,0,26
811,0,2
812,2,3
813,2,32
814,0,12
815,4,16
816,6,42
817,4,49
818,6,23
819,2,32
820,1,24
821,1,-3
822,4,28
823,0,4
824,4,31
825,5,30
826,6,7
827,6,41
828,0,40
829,3,17
830,0,48
831,4,41
832,2,40
833,0,25
834,0,25
835,2,5
836,4,4
837,2,13
838,0,35
839,0,27
840,3,32
841,1,8
842,2,44
843,6,37
844,6,8
845,5,38
846,1,34
847,0,41
848,4,45
849,0,27
850,1,36
851,2,40
852,0,27
853,0,17
854,4,44
855,1,40
856,6,5
857,0,32
858,2,27
859,2,11
860,4,7
861,5,47
862,6,36
863,1,32
864,6,14
865,4,41
866,2,20
867,3,27
868,0,48
869,2,16
870,4,30
871,6,11
872,3,31
873,0,42
874,0,18
875,1,43
876,4,12
877,3,0
878,6,14
879,0,42
880,1,28
881,2,8
882,6,9
883,0,35
884,1,16
885,3,19
886,0,17
887,4,37
888,3,46
889,4,16
890,2,43
891,4,17
892,4,33
893,0,43
894,4,11
895,2,19
896,0,48
897,5,43
898,4,31
899,1,41
900,3,42
901,2,31
902,0,27
903,2,7
904,1,43
905,2,41
906,0,2
907,2,8
908,0,46
909,2,7
910,0,49
911,1,8
912,2,30
913,2,42
914,2,47
915,6,35
916,1,45
917,1,0
918,1,27
919,6,41
920,3,3
921,0,17
922,0,5
923,1,10
924,4,19
925,7,5
926,6,13
927,4,5
928,7,23
929,1,12
930,1,26
931,3,18
932,1,1
933,4,24
934,2,1
935,1,19
936,7,43
937,7,4
938,6,15
939,2,10
940,6,33
941,6,13
942,2,28
943,2,34
944,2,48
945,2,25
946,2,40
947,2,10
948,2,12
949,2,40
950,2,33
951,2,24
952,5,21
953,4,7
954,4,39
955,3,23
956,3,10
957,4,7
958,3,11
959,2,45
960,0,36
961,2,48
962,5,46
963,2,45
964,3,47
965,4,37
966,4,8
967,6,17
968,7,14
969,7,25
970,1,7
971,7,21
972,0,26
973,0,34
974,6,32
975,0,45
976,6,3
977,6,30
978,1,39
979,7,45
980,1,34
981,2,39
982,2,1
983,2,41
984,4,23
985,1,31
986,0,25
987,6,42
988,3,20
989,4,14
990,4,37
991,6,28
992,4,28
993,5,29
994,6,31
995,1,27
996,2,7
997,6,10
998,7,30
999,7,48
1000,4,44
1001,4,13
1002,4,36
1003,4,6
1004,4,26
1005,4,4
1006,4,39
1007,4,46
1008,6,39
1009,4,29
1010,6,48
1011,6,4
1012,2,24
1013,6,45
1014,4,6
1015,6,40
1016,1,36
1017,6,5
1018,6,42
1019,2,42
1020,6,14
1021,6,2
1022,6,36
1023,2,28
1024,1,36
1025,4,18
1026,6,23
1027,4,14
1028,0,38
1029,6,8
1030,2,37
1031,6,4
1032,4,15
1033,6,12
1034,2,26
1035,6,30
1036,2,43
1037,2,38
1038,2,36
1039,6,15
1040,0,39
1041,0,24
1042,0,35
1043,0,32
1044,0,38
1045,0,39
1046,6,9
1047,0,12
1048,0,1
1049,0,48
1050,0,13
1051,0,10
1052,0,5
1053,0,46
1054,0,6
1055,6,5
1056,6,17
1057,0,14
1058,0,18
1059,0,27
1060,0,17
1061,0,9
1062,5,49
1063,1,42
1064,1,33
1065,1,2
1066,1,17
1067,1,15
1068,4,11
1069,1,24
1070,6,7
1071,2,30
1072,6,21
1073,2,28
1074,6,28
1075,2,45
1076,6,47
1077,2,44
1078,6,23
1079,2,39
1080,1,27
1081,1,45
1082,1,20
1083,7,42
1084,1,46
1085,1,39
1086,1,-1
1087,4,43
1088,1,25
1089,6,5
1090,6,17
1091,1,36
1092,0,12
1093,4,37
1094,1,34
1095,6,35
1096,4,18
1097,2,15
1098,6,48
1099,1,39
1100,6,24
1101,4,45
1102,6,48
1103,0,14
1104,6,43
1105,6,49
1106,0,32
1107,0,9
1108,0,32
1109,0,1
1110,0,32
1111,0,25
1112,0,30
1113,6,37
1114,0,27
1115,2,45
1116,0,34
1117,0,34
1118,0,14
1119,1,29
1120,3,45
1121,3,28
1122,3,31
1123,3,21
1124,3,26
1125,2,37
1126,2,10
1127,6,18
1128,6,29
1129,3,46
1130,0,36
1131,5,12
1132,0,10
1133,0,2
1134,6,24
1135,3,23
1136,3,4
1137,3,3
1138,3,48
1139,0,39
1140,4,22
1141,6,13
1142,4,16
1143,0,41
1144,6,6
1145,3,34
1146,0,9
1147,0,49
1148,3,20
1149,3,9
1150,3,40
1151,0,45
1152,0,6
1153,0,6
1154,0,48
1155,0,36
1156,0,44
1157,1,29
1158,6,41
1159,0,9
1160,1,16
1161,6,11
1162,1,33
1163,0,27
1164,6,33
1165,7,1
1166,7,45
1167,7,46
1168,7,13
1169,1,25
1170,7,30
1171,7,2
1172,7,0
1173,7,11
1174,7,41
1175,7,12
1176,7,43
1177,7,5
1178,7,11
1179,7,45
1180,7,40
1181,7,22
1182,7,6
1183,7,32
1184,7,48
1185,7,35
1186,7,21
1187,7,32
1188,7,34
1189,7,31
1190,7,10
1191,7,18
1192,7,23
1193,7,24
1194,7,6
1195,7,34
1196,7,3
1197,7,27
1198,7,25
1199,7,17
1200,7,48
1201,7,39
1202,7,5
1203,7,7
1204,7,16
1205,7,25
1206,7,28
1207,7,13
1208,1,37
1209,7,38
1210,7,30
1211,7,47
1212,7,47
1213,7,0
1214,7,1
1215,7,15
1216,7,40
1217,7,28
1218,7,33
1219,7,43
1220,0,1
1221,0,34
1222,0,19
1223,0,10
1224,0,14
1225,0,12
1226,0,48
1227,0,4
1228,0,33
1229,0,30
1230,1,46
1231,1,19
1232,1,17
1233,6,9
1234,1,17
1235,0,12
1236,0,43
1237,0,44
1238,0,35
1239,1,15
1240,3,33
1241,0,17
1242,6,42
1243,7,11
1244,7,25
1245,7,2
1246,7,41
1247,0,10
1248,7,26
1249,3,44
1250,6,37
1251,0,10
1252,0,26
1253,0,11
1254,0,3
1255,0,37
1256,6,45
1257,0,4
1258,0,24
1259,0,4
1260,0,18
1261,7,18
1262,0,38
1263,0,48
1264,4,33
1265,7,43
1266,6,44
1267,0,35
1268,6,46
1269,2,6
1270,0,48
1271,0,23
1272,0,49
1273,6,39
1274,2,31
1275,6,39
1276,2,25
1277,6,19
1278,1,9
1279,6,19
1280,1,36
1281,0,47
1282,6,12
1283,2,28
1284,6,21
1285,2,43
1286,6,2
1287,6,7
1288,6,16
1289,0,19
1290,0,39
1291,0,47
1292,6,36
1293,0,47
1294,6,31
1295,6,19
1296,0,19
1297,0,39
1298,0,0
1299,0,11
1300,0,26
1301,6,28
1302,0,21
1303,0,21
1304,1,5
1305,4,41
1306,6,41
1307,6,0
1308,6,9
1309,4,1
1310,4,6
1311,4,16
1312,2,20
1313,0,41
1314,0,18
1315,6,44
1316,0,24
1317,2,5
1318,6,10
1319,2,35
1320,0,23
1321,4,47
1322,0,8
1323,2,12
1324,6,5
1325,0,20
1326,0,6
1327,0,31
1328,0,33
1329,0,43
1330,0,15
1331,0,28
1332,0,33
1333,0,42
1334,6,30
1335,6,8
1336,0,42
1337,2,40
1338,6,29
1339,6,43
1340,6,9
1341,6,35
1342,6,38
1343,2,43
1344,2,0
1345,6,43
1346,6,25
1347,6,43
1348,2,6
1349,6,13
1350,6,36
1351,6,25
1352,2,30
1353,2,32
1354,6,9
1355,2,27
1356,2,15
1357,6,1
1358,2,0
1359,2,15
1360,6,41
1361,2,31
1362,2,43
1363,2,31
1364,2,47
1365,2,6
1366,6,17
1367,2,24
1368,2,20
1369,2,1
1370,1,1
1371,2,25
1372,2,4
1373,2,46
1374,1,32
1375,0,49
1376,1,22
1377,0,16
1378,6,29
1379,0,30
1380,0,42
1381,0,44
1382,0,1
1383,0,44
1384,6,3
1385,0,7
1386,6,18
1387,4,45
1388,1,35
1389,0,46
1390,0,11
1391,0,0
1392,1,-2
1393,0,16
1394,1,34
1395,1,35
1396,1,16
1397,0,33
1398,0,41
1399,0,48
1400,1,25
1401,0,27
1402,0,19
1403,0,29
1404,6,7
1405,0,48
1406,0,20
1407,4,41
1408,0,23
1409,0,27
1410,0,18
1411,0,40
1412,0,11
1413,1,37
1414,1,4
1415,6,29
1416,0,15
1417,0,27
1418,6,47
1419,0,6
1420,0,38
1421,4,19
1422,6,30
1423,0,22
1424,0,34
1425,0,19
1426,0,5
1427,0,20
1428,4,30
1429,0,22
1430,6,5
1431,6,21
1432,6,20
1433,6,10
1434,4,36
1435,4,37
1436,6,35
1437,1,-1
1438,4,29
1439,6,25
1440,6,27
1441,6,20
1442,0,22
1443,4,35
1444,0,14
1445,4,28
1446,6,21
1447,4,46
1448,4,28
1449,4,44
1450,1,38
1451,4,19
1452,4,39
1453,4,41
1454,4,7
1455,4,42
1456,4,46
1457,4,47
1458,4,21
1459,4,23
1460,4,40
1461,4,38
1462,6,5
1463,6,7
1464,6,32
1465,6,16
1466,1,25
1467,4,48
1468,4,18
1469,5,42
1470,1,-3
1471,4,7
1472,4,32
1473,6,25
1474,4,45
1475,4,15
1476,4,5
1477,4,36
1478,0,48
1479,1,29
1480,4,33
1481,4,1
1482,4,48
1483,4,0
1484,4,26
1485,6,32
1486,4,28
1487,0,32
1488,4,7
1489,4,32
1490,6,15
1491,4,28
1492,4,27
1493,1,9
1494,4,10
1495,4,21
1496,4,42
1497,4,49
1498,1,-3
1499,4,39
1500,4,34
1501,4,30
1502,4,40
1503,4,4
1504,4,48
1505,4,17
1506,4,2
1507,4,29
1508,4,47
1509,4,25
1510,1,40
1511,4,26
1512,4,17
1513,4,35
1514,4,13
1515,4,24
1516,6,10
1517,4,38
1518,6,22
1519,6,6
1520,6,20
1521,4,9
1522,4,9
1523,4,3
1524,4,9
1525,4,33
1526,4,44
1527,4,9
1528,1,42
1529,1,18
1530,4,13
1531,4,32
1532,4,41
1533,1,0
1534,4,36
1535,4,45
1536,4,3
1537,4,4
1538,1,34
1539,4,43
1540,4,14
1541,4,33
1542,4,21
1543,1,-3
1544,4,45
1545,4,25
1546,4,9
1547,4,46
1548,1,5
1549,4,21
1550,4,29
1551,1,24
1552,4,13
1553,4,7
1554,4,9
1555,4,3
1556,4,6
1557,4,40
1558,4,44
1559,4,12
1560,4,8
1561,4,8
1562,0,38
1563,4,12
1564,4,21
1565,4,25
1566,4,8
1567,4,40
1568,4,17
1569,4,25
1570,4,43
1571,4,44
1572,0,11
1573,1,19
1574,1,16
1575,3,48
1576,6,42
1577,0,28
1578,3,46
1579,0,15
1580,0,27
1581,6,18
1582,4,36
1583,0,21
1584,0,40
1585,6,2
1586,1,10
1587,6,45
1588,0,0
1589,6,2
1590,7,26
1591,0,47
1592,1,14
1593,0,23
1594,6,49
1595,0,31
1596,1,14
1597,6,41
1598,1,33
1599,1,24
1600,6,41
1601,1,34
1602,1,18
1603,1,-2
1604,0,24
1605,4,33
1606,7,25
1607,1,16
1608,6,31
1609,1,2
1610,1,25
1611,4,0
1612,0,41
1613,3,45
1614,6,31
1615,6,23
1616,0,22
1617,6,40
1618,6,2
1619,1,20
1620,0,0
1621,0,34
1622,0,36
1623,0,35
1624,6,9
1625,0,36
1626,0,9
1627,7,40
1628,7,32
1629,7,46
1630,7,31
1631,7,40
1632,7,18
1633,7,41
1634,0,5
1635,0,19
1636,0,47
1637,7,32
1638,1,32
1639,4,16
1640,0,18
1641,7,11
1642,6,39
1643,0,39
1644,7,32
1645,6,7
1646,0,0
1647,0,6
1648,0,14
1649,6,27
1650,5,7
1651,0,29
1652,0,10
1653,4,32
1654,2,19
1655,4,16
1656,0,19
1657,4,7
1658,1,17
1659,0,20
1660,0,13
1661,0,44
1662,0,19
1663,0,30
1664,4,10
1665,4,11
1666,0,48
1667,0,42
1668,0,45
1669,1,8
1670,1,24
1671,0,18
1672,0,9
1673,0,3
1674,1,29
1675,0,34
1676,0,26
1677,0,14
1678,4,19
1679,0,5
1680,0,36
1681,0,5
1682,0,30
1683,0,36
1684,0,36
1685,0,8
1686,0,20
1687,6,18
1688,0,9
1689,1,8
1690,0,44
1691,0,15
1692,0,47
1693,1,-2
1694,3,26
1695,0,49
1696,4,11
1697,1,39
1698,6,33
1699,0,40
1700,0,48
1701,0,26
1702,0,32
1703,6,26
1704,0,2
1705,4,18
1706,4,31
1707,0,30
1708,6,43
1709,5,18
1710,6,8
1711,1,12
1712,0,18
1713,0,7
1714,1,18
1715,6,21
1716,0,6
1717,6,31
1718,1,33
1719,4,47
1720,5,30
1721,5,17
1722,0,39
1723,5,41
1724,4,47
1725,5,7
1726,5,12
1727,5,23
1728,5,49
1729,5,24
1730,0,45
1731,5,49
1732,0,22
1733,0,10
1734,0,47
1735,0,27
1736,0,27
1737,1,16
1738,0,34
1739,1,18
1740,0,41
1741,6,22
1742,6,21
1743,0,3
1744,6,11
1745,0,12
1746,0,45
1747,0,2
1748,0,13
1749,0,20
1750,6,5
1751,0,11
1752,6,23
1753,0,20
1754,0,20
1755,0,18
1756,0,6
1757,0,43
1758,0,34
1759,6,15
1760,0,26
1761,6,3
1762,0,13
1763,0,24
1764,6,11
1765,0,24
1766,0,40
1767,0,14
1768,5,30
1769,1,23
1770,4,43
1771,5,14
1772,0,26
1773,1,22
1774,4,15
1775,6,13
1776,0,26
1777,1,9
1778,0,23
1779,1,46
1780,1,3
1781,7,4
1782,1,3
1783,0,44
1784,1,46
1785,1,28
1786,4,37
1787,1,27
1788,1,20
1789,0,34
1790,0,7
1791,0,32
1792,0,1
1793,0,22
1794,3,42
1795,1,0
1796,0,3
1797,5,26
1798,1,42
1799,7,31
1800,3,37
1801,3,44
1802,0,15
1803,0,25
1804,6,1
1805,3,42
1806,0,39
1807,0,25
1808,0,13
1809,6,43
1810,6,29
1811,6,6
1812,4,25
1813,3,6
1814,6,6
1815,4,2
1816,6,4
1817,6,45
1818,0,37
1819,7,46
1820,0,36
1821,0,9
1822,7,39
1823,0,14
1824,0,11
1825,6,11
1826,6,33
1827,3,0
1828,6,16
1829,6,35
1830,5,9
1831,0,32
1832,7,17
1833,6,42
1834,1,45
1835,6,23
1836,6,14
1837,1,22
1838,6,7
1839,4,17
1840,1,6
1841,1,8
1842,4,21
1843,7,18
1844,0,18
1845,0,29
1846,1,38
1847,2,47
1848,6,0
1849,1,42
1850,7,13
1851,7,13
1852,0,40
1853,0,17
1854,1,39
1855,6,34
1856,1,18
1857,0,41
1858,0,4
1859,1,5
1860,6,48
1861,1,1
1862,0,29
1863,6,27
1864,1,27
1865,0,34
1866,1,26
1867,0,44
1868,1,13
1869,4,7
1870,3,40
1871,6,3
1872,6,43
1873,0,20
1874,1,15
1875,6,14
1876,0,49
1877,0,40
1878,1,40
1879,6,36
1880,5,19
1881,0,37
1882,0,36
1883,2,44
1884,1,35
1885,1,6
1886,1,21
1887,6,15
1888,0,32
1889,1,22
1890,0,19
1891,0,47
1892,2,38
1893,6,13
1894,0,30
1895,5,26
1896,7,18
1897,0,5
1898,0,49
1899,6,24
1900,2,37
1901,1,40
1902,1,44
1903,1,13
1904,0,32
1905,1,2
1906,6,24
1907,0,43
1908,7,6
1909,2,35
1910,6,7
1911,1,20
1912,4,10
1913,0,7
1914,7,23
1915,0,37
1916,4,15
1917,0,14
1918,1,16
1919,2,31
1920,7,19
1921,3,24
1922,0,23
1923,3,17
1924,2,17
1925,1,35
1926,1,21
1927,1,20
1928,0,32
1929,2,6
1930,0,34
1931,1,39
1932,6,38
1933,4,4
1934,0,33
1935,6,32
1936,6,10
1937,6,45
1938,0,18
1939,2,26
1940,6,9
1941,4,16
1942,2,17
1943,6,8
1944,6,29
1945,0,33
1946,0,9
1947,1,34
1948,5,47
1949,0,8
1950,1,34
1951,6,4
1952,0,47
1953,0,17
1954,2,22
1955,2,31
1956,1,45
1957,2,31
1958,0,26
1959,1,29
1960,6,22
1961,0,10
1962,2,40
1963,0,36
1964,0,36
1965,2,17
1966,0,47
1967,2,41
1968,6,32
1969,6,13
1970,6,32
1971,5,19
1972,3,40
1973,0,42
1974,3,24
1975,0,43
1976,1,33
1977,1,4
1978,0,36
1979,1,4
1980,6,30
1981,4,26
1982,0,35
1983,0,35
1984,2,34
1985,2,42
1986,3,34
1987,7,1
1988,0,23
1989,2,27
1990,0,22
1991,0,22
1992,2,5
1993,0,34
1994,1,16
1995,0,22
1996,2,36
1997,4,47
1998,2,41
1999,5,13
2000,3,49
2001,7,48
2002,7,31
2003,7,15
2004,6,12
2005,2,29
2006,0,37
2007,2,19
2008,1,15
2009,6,14
2010,2,24
2011,0,1
2012,1,-3
2013,0,32
2014,6,31
2015,0,47
2016,2,14
2017,2,8
2018,3,27
2019,0,20
2020,6,16
2021,0,34
2022,0,46
2023,0,31
2024,0,11
2025,0,9
2026,6,32
2027,3,35
2028,0,36
2029,2,24
2030,6,46
2031,1,25
2032,1,2
2033,6,37
2034,0,43
2035,1,14
2036,2,41
2037,4,47
2038,0,2
2039,2,14
2040,6,8
2041,0,29
2042,3,29
2043,6,47
2044,0,42
2045,5,48
2046,0,35
2047,0,26
2048,6,47
2049,0,32
2050,2,12
2051,2,9
2052,6,32
2053,0,7
2054,2,47
2055,2,46
2056,5,6
2057,0,39
2058,0,44
2059,2,7
2060,6,8
2061,0,12
2062,5,10
2063,6,9
2064,7,18
2065,6,23
2066,2,4
2067,0,26
2068,0,27
2069,0,25
2070,0,47
2071,2,41
2072,5,8
2073,0,36
2074,4,9
2075,2,13
2076,6,13
2077,0,31
2078,2,44
2079,2,39
2080,0,8
2081,0,3
2082,3,12
2083,5,3
2084,7,15
2085,6,0
2086,2,45
2087,0,18
2088,0,9
2089,0,33
2090,2,16
2091,6,44
2092,0,6
2093,0,8
2094,0,24
2095,6,2
2096,2,31
2097,1,40
2098,0,20
2099,5,3
2100,0,15
2101,1,24
2102,5,29
2103,1,25
2104,2,49
2105,2,29
2106,6,0
2107,2,48
2108,2,44
2109,1,37
2110,6,26
2111,0,5
2112,2,48
2113,2,7
2114,0,41
2115,1,13
2116,4,48
2117,6,9
2118,1,39
2119,0,41
2120,6,17
2121,6,5
2122,1,25
2123,1,34
2124,0,35
2125,0,43
2126,5,24
2127,4,22
2128,2,41
2129,0,37
2130,0,19
2131,2,23
2132,6,23
2133,5,4
2134,0,19
2135,1,38
2136,2,36
2137,0,49
2138,0,28
2139,1,20
2140,0,22
2141,1,18
2142,0,27
2143,3,29
2144,0,22
2145,4,29
2146,0,27
2147,4,48
2148,4,41
2149,6,6
2150,0,12
2151,2,13
2152,0,21
2153,2,38
2154,3,5
2155,0,4
2156,2,44
2157,0,9
2158,1,42
2159,0,0
2160,0,47
2161,1,19
2162,6,19
2163,2,7
2164,4,12
2165,6,34
2166,0,31
2167,0,37
2168,7,22
2169,5,31
2170,2,27
2171,4,42
2172,5,46
2173,4,30
2174,7,45
2175,0,24
2176,4,8
2177,4,42
2178,6,16
2179,4,49
2180,1,24
2181,0,30
2182,0,46
2183,2,41
2184,2,36
2185,0,27
2186,5,25
2187,0,39
2188,1,45
2189,3,29
2190,2,40
2191,2,26
2192,6,40
2193,0,4
2194,1,18
2195,6,19
2196,2,15
2197,4,43
2198,4,39
2199,6,18
2200,6,8
2201,0,22
2202,2,35
2203,6,19
2204,0,45
2205,2,40
2206,0,5
2207,0,15
2208,2,29
2209,1,26
2210,1,-2
2211,0,40
2212,0,36
2213,0,37
2214,4,21
2215,7,44
2216,6,18
2217,5,7
2218,0,35
2219,2,14
2220,0,27
2221,4,19
2222,1,20
2223,2,1
2224,2,24
2225,0,17
2226,1,43
2227,2,40
2228,2,28
2229,0,42
2230,0,44
2231,6,47
2232,2,38
2233,0,47
2234,0,8
2235,1,2
2236,0,28
2237,1,17
2238,1,40
2239,0,31
2240,0,29
2241,4,36
2242,2,15
2243,4,47
2244,3,25
2245,4,13
2246,6,25
2247,1,4
2248,6,47
2249,0,13
2250,1,13
2251,2,16
2252,1,0
2253,1,33
2254,2,27
2255,4,47
2256,6,33
2257,0,44
2258,3,37
2259,0,16
2260,0,11
2261,2,39
2262,0,28
2263,2,28
2264,3,35
2265,3,20
2266,0,34
2267,4,26
2268,0,20
2269,1,41
2270,1,38
2271,6,34
2272,0,2
2273,4,25
2274,0,25
2275,4,14
2276,0,40
2277,0,12
2278,2,43
2279,0,14
2280,1,22
2281,6,8
2282,2,47
2283,0,32
2284,1,20
2285,1,40
2286,6,32
2287,4,5
2288,0,14
2289,2,36
2290,0,0
2291,3,7
2292,1,22
2293,4,10
2294,0,1
2295,4,10
2296,7,26
2297,5,48
2298,0,48
2299,4,32
2300,4,4
2301,0,7
2302,4,12
2303,4,12
2304,4,0
2305,3,44
2306,0,3
2307,1,13
2308,4,21
2309,0,38
2310,0,37
2311,1,4
2312,2,35
2313,0,23
2314,6,27
2315,2,30
2316,0,0
2317,0,22
2318,0,23
2319,2,46
2320,1,31
2321,5,42
2322,2,42
2323,4,32
2324,4,44
2325,6,31
2326,0,42
2327,0,22
2328,3,5
2329,1,29
2330,2,20
2331,3,37
2332,4,21
2333,0,9
2334,0,39
2335,0,32
2336,4,39
2337,2,34
2338,6,21
2339,4,42
2340,7,39
2341,6,45
2342,5,33
2343,0,26
2344,1,10
2345,4,38
2346,4,40
2347,7,21
2348,6,21
2349,0,15
2350,4,10
2351,4,35
2352,0,48
2353,5,8
2354,0,37
2355,5,48
2356,5,40
2357,6,14
2358,0,18
2359,1,34
2360,2,30
2361,0,2
2362,4,41
2363,0,21
2364,1,14
2365,4,26
2366,0,33
2367,7,39
2368,2,11
2369,6,33
2370,0,9
2371,1,40
2372,0,0
2373,1,38
2374,2,33
2375,0,9
2376,1,18
2377,2,48
2378,2,26
2379,3,23
2380,0,4
2381,2,33
2382,0,7
2383,4,28
2384,3,8
2385,2,11
2386,2,14
2387,0,16
2388,4,1
2389,6,33
2390,2,30
2391,3,22
2392,0,24
2393,1,6
2394,0,25
2395,2,43
2396,1,-2
2397,3,14
2398,0,34
2399,0,22
2400,1,-2
2401,2,35
2402,2,11
2403,1,9
2404,1,25
2405,0,12
2406,2,30
2407,2,48
2408,0,40
2409,4,2
2410,0,46
2411,1,35
2412,1,41
2413,3,21
2414,3,11
2415,6,38
2416,1,18
2417,7,33
2418,0,42
2419,0,0
2420,7,48
2421,5,19
2422,1,18
2423,2,41
2424,1,23
2425,6,28
2426,6,12
2427,1,23
2428,2,14
2429,2,11
2430,0,45
2431,1,7
2432,4,35
2433,1,20
2434,1,3
2435,4,46
2436,0,37
2437,4,21
2438,0,41
2439,2,47
2440,4,19
2441,7,34
2442,0,41
2443,4,48
2444,0,17
2445,4,10
2446,0,3
2447,0,24
2448,6,15
2449,0,41
2450,0,7
2451,4,0
2452,6,12
2453,2,7
2454,6,9
2455,0,46
2456,1,10
2457,0,46
2458,6,1
2459,4,3
2460,6,17
2461,4,47
2462,2,22
2463,0,29
2464,1,45
2465,2,2
2466,2,4
2467,0,48
2468,1,23
2469,2,34
2470,4,16
2471,0,29
2472,0,29
2473,4,22
2474,0,13
2475,1,39
2476,2,45
2477,0,37
2478,1,37
2479,1,13
2480,4,35
2481,0,32
2482,0,43
2483,4,36
2484,4,16
2485,4,36
2486,4,6
2487,5,43
2488,0,13
2489,4,4
2490,1,43
2491,2,46
2492,1,38
2493,2,36
2494,6,29
2495,4,34
2496,3,49
2497,0,18
2498,3,20
2499,0,41
2500,5,10
2501,0,11
2502,1,35
2503,6,48
2504,0,1
2505,3,17
2506,2,36
2507,0,24
2508,6,49
2509,1,27
2510,2,26
2511,2,20
2512,7,14
2513,5,18
2514,0,30
2515,6,36
2516,1,24
2517,0,23
2518,4,10
2519,6,15
2520,0,23
2521,4,0
2522,0,45
2523,2,18
2524,5,35
2525,4,40
2526,6,24
2527,0,1
2528,0,1
2529,0,41
2530,0,17
2531,1,-2
2532,1,7
2533,6,26
2534,2,11
2535,0,10
2536,0,24
2537,0,2
2538,1,26
2539,2,23
2540,1,43
2541,5,41
2542,0,8
2543,7,43
2544,4,16
2545,0,12
2546,2,18
2547,3,32
2548,0,22
2549,4,19
2550,0,28
2551,2,18
2552,2,48
2553,0,36
2554,0,43
2555,0,8
2556,1,8
2557,1,3
2558,4,32
2559,4,45
2560,1,19
2561,2,8
2562,6,1
2563,5,47
2564,1,3
2565,0,32
2566,2,24
2567,0,22
2568,2,39
2569,0,20
2570,1,30
2571,0,16
2572,2,3
2573,5,14
2574,5,33
2575,3,25
2576,5,41
2577,4,34
2578,0,13
2579,0,41
2580,2,31
2581,0,11
2582,3,39
2583,4,2
2584,4,22
2585,0,19
2586,4,45
2587,3,31
2588,4,48
2589,0,7
2590,2,17
2591,3,36
2592,0,6
2593,0,45
2594,1,7
2595,0,22
2596,4,34
2597,4,46
2598,1,18
2599,7,28
2600,6,45
2601,0,46
2602,2,1
2603,2,6
2604,0,49
2605,6,3
2606,1,15
2607,1,12
2608,6,44
2609,4,34
2610,4,8
2611,0,0
2612,0,9
2613,1,23
2614,2,5
2615,0,10
2616,6,46
2617,5,33
2618,0,23
2619,2,20
2620,2,45
2621,0,20
2622,0,12
2623,1,41
2624,2,4
2625,5,5
2626,0,17
2627,1,39
2628,0,29
2629,1,40
2630,0,3
2631,7,35
2632,1,5
2633,1,-1
2634,0,30
2635,3,40
2636,0,26
2637,0,15
2638,0,44
2639,0,28
2640,2,2
2641,0,28
2642,6,47
2643,2,14
2644,2,32
2645,2,2
2646,1,41
2647,1,30
2648,0,3
2649,2,32
2650,4,7
2651,4,35
2652,0,16
2653,7,3
2654,1,9
2655,2,26
2656,4,29
2657,6,48
2658,1,13
2659,1,13
2660,0,44
2661,1,-1
2662,2,26
2663,3,15
2664,2,29
2665,4,42
2666,0,41
2667,0,16
2668,0,23
2669,4,21
2670,5,3
2671,4,28
2672,0,10
2673,1,21
2674,0,34
2675,1,20
2676,1,4
2677,1,32
2678,2,28
2679,4,7
2680,4,0
2681,4,44
2682,0,12
2683,6,3
2684,7,44
2685,6,21
2686,1,13
2687,4,32
2688,6,45
2689,5,25
2690,6,38
2691,0,11
2692,0,6
2693,6,18
2694,1,29
2695,6,36
2696,2,29
2697,0,45
2698,1,34
2699,2,8
2700,5,27
2701,0,35
2702,0,34
2703,0,18
2704,1,7
2705,6,37
2706,4,7
2707,0,15
2708,1,23
2709,5,14
2710,2,8
2711,0,45
2712,1,15
2713,0,38
2714,1,16
2715,1,6
2716,4,36
2717,3,6
2718,3,37
2719,6,30
2720,7,19
2721,5,5
2722,0,33
2723,1,16
2724,4,14
2725,2,48
2726,4,25
2727,0,19
2728,4,2
2729,1,37
2730,2,18
2731,4,1
2732,1,39
2733,0,13
2734,1,42
2735,0,22
2736,1,26
2737,1,45
2738,3,30
2739,6,5
2740,0,8
2741,1,33
2742,4,49
2743,0,11
2744,6,27
2745,0,29
2746,7,32
2747,6,4
2748,5,20
2749,0,46
2750,2,32
2751,0,33
2752,5,7
2753,2,0
2754,4,47
2755,6,28
2756,0,43
2757,6,30
2758,1,18
2759,1,4
2760,0,41
2761,0,2
2762,2,38
2763,1,34
2764,1,20
2765,6,17
2766,0,11
2767,4,0
2768,1,21
2769,0,32
2770,1,-1
2771,2,35
2772,6,21
2773,0,48
2774,1,22
2775,2,27
2776,2,29
2777,0,26
2778,0,9
2779,0,36
2780,1,21
2781,0,44
2782,1,29
2783,4,17
2784,6,16
2785,4,25
2786,7,0
2787,0,38
2788,3,40
2789,0,12
2790,0,4
2791,6,2
2792,2,45
2793,0,25
2794,1,-3
2795,1,38
2796,6,10
2797,2,18
2798,0,45
2799,0,46
2800,2,7
2801,0,32
2802,1,45
2803,1,39
2804,1,-2
2805,0,21
2806,6,34
2807,6,39
2808,0,8
2809,1,21
2810,1,15
2811,1,4
2812,4,27
2813,1,29
2814,1,13
2815,0,46
2816,0,42
2817,4,13
2818,2,28
2819,0,0
2820,2,10
2821,0,24
2822,1,28
2823,2,47
2824,0,2
2825,1,41
2826,1,9
2827,2,41
2828,4,16
2829,0,41
2830,1,22
2831,1,18
2832,1,18
2833,2,35
2834,4,22
2835,7,18
2836,0,38
2837,1,26
2838,4,39
2839,3,18
2840,0,4
2841,3,17
2842,0,8
2843,0,29
2844,4,4
2845,6,49
2846,4,10
2847,0,24
2848,1,15
2849,0,15
2850,0,9
2851,4,22
2852,1,12
2853,2,14
2854,6,41
2855,0,15
2856,3,2
2857,1,21
2858,0,39
2859,6,4
2860,6,1
2861,0,6
2862,1,5
2863,1,35
2864,2,8
2865,0,3
2866,2,35
2867,4,17
2868,3,26
2869,6,25
2870,2,47
2871,0,31
2872,0,18
2873,2,32
2874,2,13
2875,6,40
2876,2,2
2877,0,36
2878,1,36
2879,3,3
2880,4,23
2881,2,24
2882,6,47
2883,7,30
2884,4,11
2885,0,32
2886,4,21
2887,1,25
2888,2,12
2889,0,20
2890,6,18
2891,0,22
2892,6,20
2893,2,39
2894,2,3
2895,0,4
2896,1,16
2897,1,36
2898,0,1
2899,1,15
2900,2,1
2901,0,33
2902,4,27
2903,1,13
2904,1,11
2905,4,24
2906,0,41
2907,0,22
2908,7,14
2909,1,44
2910,2,15
2911,1,23
2912,1,36
2913,0,17
2914,4,22
2915,3,32
2916,1,7
2917,4,46
2918,0,17
2919,4,26
2920,1,17
2921,2,23
2922,1,33
2923,1,12
2924,0,40
2925,4,39
2926,1,21
2927,1,45
2928,5,17
2929,2,16
2930,4,29
2931,0,42
2932,2,12
2933,1,34
2934,2,25
2935,3,47
2936,4,12
2937,6,18
2938,2,33
2939,0,25
2940,2,8
2941,4,37
2942,5,26
2943,6,49
2944,2,1
2945,3,29
2946,6,40
2947,1,21
2948,0,11
2949,1,11
2950,4,46
2951,0,3
2952,6,38
2953,1,17
2954,0,37
2955,1,38
2956,1,21
2957,2,19
2958,2,49
2959,0,6
2960,0,48
2961,6,20
2962,2,17
2963,5,43
2964,4,15
2965,4,4
2966,6,26
2967,0,12
2968,4,9
2969,6,45
2970,6,19
2971,1,22
2972,0,40
2973,0,49
2974,6,47
2975,4,17
2976,4,25
2977,2,1
2978,7,9
2979,5,19
2980,0,42
2981,1,20
2982,0,47
2983,0,26
2984,1,25
2985,1,42
2986,4,16
2987,5,6
2988,0,0
2989,5,43
2990,0,14
2991,2,13
2992,4,13
2993,3,43
2994,0,10
2995,1,7
2996,6,1
2997,6,9
2998,4,47
2999,0,44
3000,4,15
3001,6,3
3002,6,12
3003,3,2
3004,0,37
3005,5,37
3006,6,5
3007,7,17
3008,0,45
3009,1,33
3010,6,20
3011,1,17
3012,4,33
3013,3,5
3014,0,44
3015,0,43
3016,1,25
3017,2,13
3018,6,37
3019,6,3
3020,1,31
3021,2,11
3022,0,48
3023,2,17
3024,0,35
3025,0,31
3026,2,35
3027,2,6
3028,2,47
3029,3,24
3030,2,15
3031,4,24
3032,0,6
3033,0,0
3034,1,0
3035,0,21
3036,0,4
3037,1,1
3038,7,37
3039,0,9
3040,4,7
3041,6,18
3042,0,29
3043,0,12
3044,1,14
3045,5,37
3046,2,31
3047,2,17
3048,0,26
3049,6,19
3050,7,7
3051,2,9
3052,6,19
3053,1,29
3054,0,21
3055,4,3
3056,0,48
3057,0,4
3058,1,45
3059,2,21
3060,6,31
3061,0,4
3062,6,9
3063,0,5
3064,0,24
3065,2,49
3066,0,23
3067,2,21
3068,2,7
3069,2,15
3070,0,7
3071,4,12
3072,2,42
3073,4,32
3074,0,2
3075,0,3
3076,1,35
3077,0,38
3078,0,7
3079,0,1
3080,1,8
3081,0,42
3082,1,-1
3083,0,24
3084,1,32
3085,1,-2
3086,6,21
3087,0,11
3088,1,29
3089,6,21
3090,0,47
3091,6,42
3092,0,24
3093,5,35
3094,2,3
3095,2,44
3096,4,25
3097,7,45
3098,0,42
3099,4,13
3100,0,13
3101,5,36
3102,0,8
3103,0,24
3104,3,17
3105,4,0
3106,0,1
3107,2,36
3108,4,4
3109,7,8
3110,0,20
3111,5,12
3112,3,39
3113,6,17
3114,2,37
3115,2,40
3116,0,45
3117,4,31
3118,1,33
3119,2,49
3120,0,47
3121,2,19
3122,0,9
3123,1,35
3124,1,14
3125,2,46
3126,6,21
3127,0,6
3128,4,49
3129,4,33
3130,0,5
3131,0,16
3132,4,9
3133,1,36
3134,6,27
3135,6,9
3136,0,44
3137,0,18
3138,0,9
3139,4,2
3140,2,46
3141,4,12
3142,4,33
3143,6,47
3144,0,14
3145,6,42
3146,2,35
3147,1,2
3148,0,5
3149,1,8
3150,4,41
3151,0,23
3152,5,20
3153,1,26
3154,2,35
3155,0,28
3156,0,10
3157,4,15
3158,0,38
3159,6,3
3160,2,7
3161,0,37
3162,5,32
3163,0,3
3164,7,8
3165,0,1
3166,1,22
3167,0,29
3168,2,18
3169,1,20
3170,5,33
3171,5,29
3172,6,19
3173,2,26
3174,6,5
3175,0,37
3176,1,37
3177,1,30
3178,4,37
3179,4,16
3180,4,1
3181,0,38
3182,2,21
3183,0,32
3184,1,6
3185,0,44
3186,1,45
3187,4,38
3188,1,42
3189,2,46
3190,6,31
3191,0,48
3192,4,44
3193,0,43
3194,2,35
3195,1,11
3196,0,29
3197,3,35
3198,1,19
3199,0,24
3200,4,41
3201,6,47
3202,3,42
3203,4,20
3204,0,23
3205,0,2
3206,3,47
3207,3,41
3208,0,41
3209,0,42
3210,1,44
3211,1,21
3212,0,45
3213,2,12
3214,2,8
3215,4,49
3216,6,6
3217,6,20
3218,0,3
3219,5,43
3220,0,41
3221,0,16
3222,6,48
3223,7,11
3224,0,9
3225,0,40
3226,6,25
3227,1,45
3228,1,26
3229,6,2
3230,6,35
3231,1,37
3232,0,27
3233,2,23
3234,2,27
3235,7,20
3236,0,15
3237,6,27
3238,6,22
3239,6,29
3240,0,7
3241,2,20
3242,0,22
3243,4,29
3244,4,4
3245,0,19
3246,0,18
3247,4,28
3248,0,8
3249,3,2
3250,6,40
3251,0,19
3252,1,14
3253,0,7
3254,1,43
3255,5,31
3256,6,27
3257,3,12
3258,2,36
3259,6,11
3260,0,2
3261,6,31
3262,0,28
3263,1,4
3264,1,6
3265,2,11
3266,0,16
3267,2,34
3268,1,32
3269,4,24
3270,2,37
3271,0,24
3272,2,14
3273,4,30
3274,0,15
3275,2,40
3276,3,48
3277,0,47
3278,2,22
3279,6,9
3280,1,22
3281,0,27
3282,0,15
3283,6,12
3284,0,21
3285,2,8
3286,2,22
3287,0,6
3288,2,12
3289,0,3
3290,4,32
3291,7,9
3292,4,38
3293,1,37
3294,1,32
3295,7,19
3296,6,13
3297,1,7
3298,2,31
3299,1,-2
3300,2,7
3301,6,17
3302,6,36
3303,6,1
3304,1,43
3305,6,27
3306,4,18
3307,4,19
3308,1,41
3309,4,31
3310,6,30
3311,7,30
3312,2,8
3313,2,2
3314,2,44
3315,2,7
3316,1,5
3317,2,11
3318,0,38
3319,2,29
3320,1,25
3321,1,21
3322,1,44
3323,4,15
3324,4,37
3325,1,17
3326,7,9
3327,1,37
3328,1,4
3329,1,19
3330,6,21
3331,3,9
3332,3,36
3333,0,33
3334,2,12
3335,0,10
3336,0,42
3337,2,45
3338,0,11
3339,1,4
3340,0,17
3341,2,24
3342,2,42
3343,1,24
3344,6,8
3345,0,19
3346,0,38
3347,4,9
3348,0,9
3349,0,29
3350,7,17
3351,0,10
3352,1,10
3353,2,10
3354,0,1
3355,6,5
3356,3,32
3357,0,32
3358,3,39
3359,6,26
3360,0,1
3361,1,21
3362,0,32
3363,2,33
3364,6,7
3365,0,32
3366,7,28
3367,6,12
3368,1,15
3369,1,34
3370,1,3
3371,0,32
3372,1,4
3373,4,15
3374,6,44
3375,0,0
3376,2,7
3377,0,2
3378,5,17
3379,2,19
3380,7,45
3381,6,34
3382,0,22
3383,4,11
3384,2,18
3385,1,13
3386,4,31
3387,2,30
3388,0,40
3389,2,3
3390,4,27
3391,0,6
3392,2,27
3393,0,36
3394,7,36
3395,1,3
3396,2,13
3397,0,29
3398,7,37
3399,0,47
3400,0,44
3401,1,11
3402,4,25
3403,6,21
3404,1,13
3405,3,38
3406,4,29
3407,5,44
3408,0,43
3409,4,35
3410,7,47
3411,6,44
3412,0,25
3413,0,40
3414,4,33
3415,7,49
3416,0,38
3417,2,37
3418,0,41
3419,6,8
3420,2,16
3421,0,2
3422,6,20
3423,3,13
3424,3,17
3425,0,44
3426,1,29
3427,2,19
3428,0,2
3429,1,16
3430,1,41
3431,0,25
3432,5,8
3433,2,31
3434,0,1
3435,4,31
3436,1,44
3437,0,18
3438,1,19
3439,2,40
3440,3,31
3441,3,6
3442,6,46
3443,0,43
3444,7,29
3445,4,34
3446,6,49
3447,7,35
3448,7,48
3449,7,9
3450,0,40
3451,4,39
3452,5,19
3453,0,45
3454,2,5
3455,0,22
3456,1,8
3457,3,26
3458,0,28
3459,1,34
3460,1,19
3461,0,25
3462,0,37
3463,3,29
3464,3,33
3465,4,48
3466,3,39
3467,4,26
3468,4,41
3469,3,49
3470,0,24
3471,0,42
3472,4,11
3473,0,20
3474,0,17
3475,2,41
3476,2,26
3477,3,37
3478,5,9
3479,6,2
3480,3,0
3481,2,7
3482,0,26
3483,2,16
3484,4,26
3485,4,38
3486,3,14
3487,6,40
3488,6,22
3489,6,47
3490,4,3
3491,0,20
3492,2,14
3493,0,42
3494,2,32
3495,4,6
3496,5,7
3497,6,28
3498,6,22
3499,6,23
3500,5,40
3501,6,20
3502,2,34
3503,5,34
3504,2,46
3505,6,25
3506,4,12
3507,6,32
3508,0,48
3509,1,43
3510,2,39
3511,0,20
3512,2,3
3513,0,15
3514,4,46
3515,2,2
3516,4,34
3517,5,17
3518,5,33
3519,0,17
3520,0,42
3521,1,40
3522,0,41
3523,0,17
3524,2,41
3525,3,1
3526,2,34
3527,4,12
3528,4,18
3529,0,29
3530,1,27
3531,0,8
3532,1,27
3533,2,27
3534,6,6
3535,4,24
3536,0,35
3537,0,46
3538,2,30
3539,1,1
3540,0,44
3541,3,32
3542,4,13
3543,6,28
3544,1,5
3545,2,11
3546,0,24
3547,2,19
3548,0,42
3549,3,26
3550,4,20
3551,2,17
3552,0,1
3553,0,4
3554,2,25
3555,1,34
3556,4,26
3557,5,3
3558,6,18
3559,0,2
3560,6,37
3561,1,24
3562,2,10
3563,5,23
3564,4,27
3565,4,19
3566,6,3
3567,0,42
3568,0,16
3569,3,6
3570,4,2
3571,5,40
3572,0,16
3573,4,38
3574,0,47
3575,0,45
3576,5,17
3577,2,44
3578,4,1
3579,5,14
3580,3,8
3581,2,46
3582,0,1
3583,0,35
3584,2,10
3585,6,6
3586,4,37
3587,6,46
3588,1,43
3589,7,25
3590,6,37
3591,1,3
3592,2,2
3593,3,36
3594,5,2
3595,0,48
3596,0,29
3597,2,22
3598,1,19
3599,0,25
3600,4,41
3601,2,15
3602,6,22
3603,0,16
3604,7,29
3605,1,31
3606,1,46
3607,2,49
3608,5,38
3609,6,47
3610,0,37
3611,0,4
3612,1,42
3613,2,38
3614,2,42
3615,4,6
3616,1,29
3617,1,0
3618,0,19
3619,3,10
3620,2,13
3621,4,29
3622,0,17
3623,6,35
3624,5,4
3625,2,42
3626,6,11
3627,2,31
3628,4,15
3629,0,1
3630,5,19
3631,5,31
3632,0,48
3633,0,3
3634,6,7
3635,2,8
3636,6,33
3637,5,32
3638,0,17
3639,0,25
3640,2,3
3641,4,8
3642,4,42
3643,1,27
3644,2,4
3645,0,27
3646,2,31
3647,1,28
3648,2,5
3649,0,7
3650,2,10
3651,0,8
3652,2,19
3653,4,40
3654,4,42
3655,0,14
3656,1,13
3657,2,26
3658,6,21
3659,6,2
3660,4,6
3661,6,12
3662,4,32
3663,6,1
3664,6,24
3665,4,34
3666,4,47
3667,0,10
3668,0,25
3669,2,45
3670,1,44
3671,2,7
3672,0,35
3673,0,36
3674,2,7
3675,4,14
3676,0,21
3677,4,22
3678,4,23
3679,0,6
3680,4,9
3681,2,30
3682,0,32
3683,1,-1
3684,4,18
3685,2,8
3686,1,31
3687,0,13
3688,1,22
3689,0,5
3690,2,34
3691,0,13
3692,4,48
3693,3,39
3694,2,25
3695,4,44
3696,0,8
3697,0,23
3698,0,13
3699,6,32
3700,2,5
3701,2,37
3702,4,19
3703,7,5
3704,6,28
3705,1,1
3706,0,39
3707,4,6
3708,4,1
3709,4,30
3710,4,41
3711,0,30
3712,0,24
3713,6,38
3714,5,17
3715,4,41
3716,6,42
3717,0,13
3718,0,11
3719,4,5
3720,1,6
3721,0,20
3722,2,49
3723,2,48
3724,2,9
3725,2,0
3726,1,31
3727,4,9
3728,0,12
3729,5,10
3730,2,40
3731,2,38
3732,6,18
3733,0,32
3734,1,3
3735,0,1
3736,1,2
3737,3,32
3738,0,38
3739,1,1
3740,0,7
3741,1,26
3742,2,34
3743,0,24
3744,2,2
3745,2,4
3746,4,36
3747,4,29
3748,0,9
3749,4,20
3750,5,49
3751,0,22
3752,4,4
3753,3,44
3754,6,44
3755,6,6
3756,4,9
3757,0,26
3758,3,10
3759,6,19
3760,2,13
3761,2,38
3762,4,33
3763,3,14
3764,4,13
3765,6,6
3766,1,13
3767,0,11
3768,1,26
3769,2,44
3770,2,26
3771,4,1
3772,5,11
3773,5,38
3774,4,15
3775,4,26
3776,2,26
3777,1,28
3778,6,34
3779,0,45
3780,0,5
3781,3,30
3782,0,0
3783,0,39
3784,1,9
3785,2,13
3786,0,37
3787,1,2
3788,0,44
3789,4,43
3790,2,9
3791,7,10
3792,6,39
3793,0,25
3794,4,4
3795,6,21
3796,0,23
3797,0,6
3798,0,41
3799,2,39
3800,0,23
3801,4,29
3802,4,0
3803,4,24
3804,0,43
3805,4,31
3806,0,18
3807,1,1
3808,2,48
3809,2,20
3810,0,21
3811,2,45
3812,1,-3
3813,2,41
3814,3,3
3815,6,5
3816,0,13
3817,4,13
3818,0,6
3819,4,33
3820,0,13
3821,2,1
3822,0,47
3823,6,48
3824,4,34
3825,0,22
3826,3,24
3827,6,40
3828,1,46
3829,4,47
3830,6,9
3831,7,40
3832,0,18
3833,0,40
3834,0,11
3835,0,22
3836,2,28
3837,4,48
3838,0,42
3839,0,34
3840,3,19
3841,6,33
3842,0,16
3843,0,15
3844,1,18
3845,4,23
3846,4,26
3847,2,28
3848,0,36
3849,1,34
3850,4,31
3851,6,13
3852,4,16
3853,4,24
3854,2,44
3855,6,3
3856,0,26
3857,1,6
3858,1,2
3859,0,13
3860,4,31
3861,0,35
3862,0,3
3863,6,36
3864,2,34
3865,6,39
3866,3,9
3867,4,27
3868,7,41
3869,0,49
3870,0,10
3871,0,36
3872,2,9
3873,4,48
3874,0,47
3875,0,46
3876,1,19
3877,6,23
3878,0,18
3879,0,49
3880,4,31
3881,7,46
3882,4,31
3883,0,48
3884,0,35
3885,4,10
3886,0,19
3887,2,49
3888,6,21
3889,0,35
3890,1,25
3891,2,40
3892,0,19
3893,0,36
3894,3,19
3895,2,27
3896,7,33
3897,0,45
3898,6,32
3899,4,32
3900,7,40
3901,0,22
3902,0,32
3903,4,27
3904,0,14
3905,6,40
3906,2,20
3907,1,27
3908,2,1
3909,2,35
3910,1,14
3911,4,29
3912,0,33
3913,2,39
3914,0,17
3915,2,19
3916,6,19
3917,4,36
3918,0,30
3919,0,15
3920,4,21
3921,0,30
3922,6,43
3923,0,2
3924,3,44
3925,4,28
3926,4,29
3927,0,13
3928,5,5
3929,4,12
3930,0,20
3931,2,33
3932,0,18
3933,2,49
3934,1,4
3935,2,17
3936,4,11
3937,0,46
3938,4,31
3939,4,7
3940,6,45
3941,1,13
3942,4,44
3943,0,16
3944,0,13
3945,4,23
3946,2,24
3947,0,5
3948,2,7
3949,2,1
3950,0,2
3951,4,33
3952,4,33
3953,0,32
3954,2,28
3955,3,9
3956,0,46
3957,0,30
3958,0,18
3959,1,-3
3960,0,33
3961,0,11
3962,1,24
3963,2,0
3964,4,8
3965,5,20
3966,5,5
3967,0,13
3968,6,26
3969,6,45
3970,2,36
3971,4,21
3972,0,28
3973,0,0
3974,0,1
3975,1,35
3976,2,14
3977,6,43
3978,4,20
3979,4,12
3980,6,11
3981,0,12
3982,4,9
3983,1,1
3984,2,22
3985,4,2
3986,4,45
3987,4,25
3988,1,16
3989,4,35
3990,0,3
3991,6,35
3992,4,25
3993,0,47
3994,0,41
3995,6,29
3996,0,35
3997,4,13
3998,2,32
3999,4,3
4000,1,15
4001,0,18
4002,4,29
4003,3,46
4004,0,24
4005,2,34
4006,2,12
4007,5,19
4008,2,21
4009,1,28
4010,4,19
4011,0,9
4012,2,27
4013,4,38
4014,2,29
4015,4,23
4016,1,30
4017,0,34
4018,2,29
4019,1,12
4020,2,33
4021,4,6
4022,4,24
4023,0,8
4024,4,1
4025,3,9
4026,0,0
4027,6,20
4028,0,16
4029,4,3
4030,0,46
4031,4,12
4032,0,2
4033,2,44
4034,2,6
4035,3,5
4036,0,43
4037,3,48
4038,6,26
4039,6,37
4040,2,12
4041,0,21
4042,2,42
4043,0,40
4044,0,45
4045,4,10
4046,4,4
4047,0,14
4048,1,15
4049,4,32
4050,0,31
4051,6,0
4052,1,20
4053,4,34
4054,5,8
4055,1,30
4056,1,22
4057,0,6
4058,4,1
4059,4,6
4060,1,39
4061,6,40
4062,2,17
4063,1,27
4064,7,32
4065,1,8
4066,6,36
4067,2,45
4068,3,11
4069,0,8
4070,7,23
4071,1,46
4072,7,48
4073,4,13
4074,1,17
4075,1,8
4076,2,41
4077,4,30
4078,1,32
4079,5,37
4080,6,20
4081,4,3
4082,0,25
4083,1,0
4084,1,27
4085,6,27
4086,1,7
4087,7,38
4088,2,35
4089,0,42
4090,1,45
4091,1,11
4092,2,48
4093,1,-3
4094,1,46
4095,4,0
4096,0,6
4097,4,30
4098,0,24
4099,4,32
4100,1,43
4101,1,27
4102,1,15
4103,0,47
4104,1,34
4105,6,33
4106,1,7
4107,1,27
4108,6,48
4109,6,44
4110,0,42
4111,1,1
4112,1,24
4113,7,31
4114,1,43
4115,1,17
4116,0,41
4117,7,9
4118,6,11
4119,4,45
4120,1,31
4121,4,45
4122,1,12
4123,6,9
4124,5,34
4125,6,18
4126,1,30
4127,4,37
4128,0,45
4129,1,11
4130,6,36
4131,1,14
4132,1,38
4133,2,41
4134,4,46
4135,6,3
4136,0,6
4137,2,35
4138,2,3
4139,1,23
4140,3,28
4141,2,8
4142,3,12
4143,6,5
4144,0,30
4145,4,41
4146,3,26
4147,7,32
4148,3,30
4149,1,3
4150,5,15
4151,0,44
4152,4,34
4153,4,5
4154,0,49
4155,3,20
4156,0,23
4157,0,22
4158,1,26
4159,5,18
4160,2,27
4161,0,13
4162,2,9
4163,1,15
4164,2,33
4165,0,22
4166,0,2
4167,2,23
4168,5,25
4169,0,41
4170,0,27
4171,1,32
4172,0,48
4173,1,43
4174,2,16
4175,0,6
4176,1,23
4177,0,45
4178,1,27
4179,1,20
4180,0,46
4181,0,4
4182,1,18
4183,1,15
4184,1,13
4185,2,42
4186,0,49
4187,3,3
4188,6,35
4189,2,11
4190,0,44
4191,0,47
4192,4,30
4193,2,33
4194,0,41
4195,0,17
4196,7,39
4197,3,18
4198,6,0
4199,3,46
4200,3,45
4201,3,44
4202,3,10
4203,3,40
4204,0,48
4205,4,12
4206,3,28
4207,3,41
4208,3,0
4209,0,31
4210,3,30
4211,3,49
4212,1,18
4213,4,4
4214,4,27
4215,4,40
4216,0,8
4217,3,12
4218,3,38
4219,0,44
4220,4,2
4221,0,43
4222,3,43
4223,4,17
4224,4,6
4225,0,5
4226,4,3
4227,4,25
4228,4,4
4229,4,44
4230,4,10
4231,4,24
4232,4,31
4233,0,44
4234,4,34
4235,4,38
4236,4,42
4237,4,38
4238,4,7
4239,4,8
4240,0,27
4241,4,41
4242,4,21
4243,4,23
4244,4,11
4245,4,26
4246,0,24
4247,4,41
4248,4,27
4249,4,44
4250,4,4
4251,4,13
4252,4,25
4253,1,6
4254,4,34
4255,0,30
4256,4,19
4257,4,7
4258,0,42
4259,4,35
4260,4,18
4261,4,0
4262,4,42
4263,4,33
4264,0,9
4265,7,44
4266,0,28
4267,4,16
4268,4,16
4269,4,8
4270,0,21
4271,4,29
4272,4,38
4273,4,45
4274,4,1
4275,0,16
4276,0,3
4277,4,40
4278,4,42
4279,4,45
4280,4,31
4281,4,14
4282,0,38
4283,4,43
4284,4,10
4285,4,20
4286,0,31
4287,4,24
4288,1,39
4289,4,45
4290,4,47
4291,4,40
4292,0,4
4293,4,45
4294,4,29
4295,4,15
4296,0,15
4297,4,15
4298,0,22
4299,4,17
4300,4,48
4301,0,14
4302,4,44
4303,4,42
4304,0,19
4305,4,18
4306,4,30
4307,4,27
4308,1,43
4309,4,37
4310,4,45
4311,0,38
4312,4,25
4313,4,1
4314,4,0
4315,0,39
4316,4,34
4317,4,46
4318,4,22
4319,0,9
4320,4,39
4321,4,22
4322,4,35
4323,0,33
4324,4,34
4325,1,-3
4326,0,35
4327,4,21
4328,4,30
4329,4,9
4330,4,42
4331,6,27
4332,5,44
4333,4,10
4334,0,0
4335,4,3
4336,4,24
4337,4,27
4338,4,40
4339,4,22
4340,4,19
4341,4,41
4342,0,21
4343,4,16
4344,4,34
4345,4,18
4346,0,38
4347,4,17
4348,4,0
4349,4,25
4350,4,37
4351,0,21
4352,3,33
4353,4,36
4354,4,11
4355,0,49
4356,4,3
4357,4,13
4358,4,14
4359,4,14
4360,4,49
4361,4,47
4362,4,16
4363,4,9
4364,0,30
4365,4,28
4366,4,16
4367,4,42
4368,2,30
4369,4,31
4370,4,44
4371,4,29
4372,0,7
4373,0,11
4374,4,6
4375,4,23
4376,4,25
4377,0,26
4378,4,21
4379,4,12
4380,4,42
4381,4,17
4382,4,49
4383,4,32
4384,4,34
4385,4,37
4386,4,7
4387,0,7
4388,1,7
4389,4,16
4390,4,29
4391,0,17
4392,4,19
4393,4,36
4394,4,35
4395,4,3
4396,4,31
4397,0,42
4398,4,19
4399,4,33
4400,3,45
4401,3,47
4402,3,30
4403,3,10
4404,0,41
4405,3,24
4406,3,35
4407,0,30
4408,3,6
4409,3,46
4410,3,42
4411,0,19
4412,3,14
4413,3,43
4414,3,10
4415,3,36
4416,3,12
4417,3,20
4418,4,22
4419,3,28
4420,3,43
4421,1,45
4422,3,32
4423,3,24
4424,3,29
4425,3,6
4426,0,15
4427,3,10
4428,3,20
4429,3,16
4430,3,6
4431,0,46
4432,3,46
4433,3,44
4434,6,19
4435,3,40
4436,1,18
4437,3,45
4438,3,1
4439,3,49
4440,3,27
4441,3,36
4442,3,46
4443,3,1
4444,3,25
4445,0,6
4446,1,10
4447,1,23
4448,2,27
4449,2,32
4450,0,21
4451,2,5
4452,2,6
4453,2,1
4454,0,46
4455,2,32
4456,2,28
4457,6,48
4458,2,8
4459,2,48
4460,2,18
4461,2,14
4462,2,22
4463,0,46
4464,6,38
4465,2,30
4466,2,5
4467,2,9
4468,0,4
4469,2,39
4470,2,39
4471,0,21
4472,2,4
4473,0,17
4474,2,20
4475,2,39
4476,2,23
4477,2,1
4478,2,2
4479,2,24
4480,4,5
4481,2,20
4482,2,14
4483,2,9
4484,2,31
4485,2,47
4486,1,31
4487,1,44
4488,6,3
4489,2,16
4490,6,15
4491,2,28
4492,0,0
4493,1,19
4494,2,14
4495,2,13
4496,2,43
4497,2,25
4498,2,6
4499,2,34
4500,2,15
4501,6,43
4502,2,7
4503,2,33
4504,2,28
4505,2,9
4506,2,24
4507,2,14
4508,0,44
4509,0,15
4510,2,12
4511,2,31
4512,2,44
4513,2,3
4514,2,38
4515,2,31
4516,0,8
4517,2,26
4518,2,24
4519,1,18
4520,2,32
4521,4,17
4522,7,37
4523,0,8
4524,6,4
4525,1,31
4526,7,11
4527,6,14
4528,1,-1
4529,0,6
4530,0,19
4531,1,26
4532,1,18
4533,1,27
4534,4,34
4535,1,2
4536,7,25
4537,0,18
4538,6,32
4539,1,25
4540,1,7
4541,6,34
4542,1,26
4543,1,16
4544,6,34
4545,1,36
4546,1,25
4547,1,-1
4548,6,24
4549,1,13
4550,6,29
4551,1,8
4552,7,42
4553,1,-2
4554,1,36
4555,6,18
4556,4,8
4557,1,-2
4558,1,29
4559,4,44
4560,1,29
4561,6,48
4562,1,35
4563,6,21
4564,4,0
4565,1,19
4566,1,25
4567,1,0
4568,1,23
4569,4,12
4570,1,41
4571,3,12
4572,0,39
4573,1,25
4574,1,7
4575,1,31
4576,6,31
4577,6,9
4578,6,46
4579,4,18
4580,4,7
4581,0,38
4582,2,1
4583,4,38
4584,5,38
4585,0,32
4586,3,27
4587,5,38
4588,0,16
4589,4,26
4590,0,26
4591,0,49
4592,2,17
4593,0,22
4594,1,0
4595,2,42
4596,6,35
4597,6,27
4598,6,18
4599,2,30
4600,4,21
4601,5,27
4602,0,2
4603,2,44
4604,0,36
4605,0,17
4606,4,14
4607,3,22
4608,4,48
4609,0,49
4610,0,30
4611,4,7
4612,0,17
4613,2,30
4614,3,34
4615,6,23
4616,7,32
4617,6,3
4618,2,4
4619,2,47
4620,0,11
4621,7,24
4622,2,45
4623,4,27
4624,5,46
4625,0,5
4626,3,35
4627,4,41
4628,5,16
4629,0,1
4630,6,24
4631,0,16
4632,4,13
4633,2,21
4634,0,6
4635,0,35
4636,0,11
4637,6,6
4638,2,40
4639,2,19
4640,4,38
4641,0,15
4642,1,24
4643,2,35
4644,0,17
4645,6,15
4646,2,28
4647,0,17
4648,2,34
4649,2,7
4650,0,6
4651,6,13
4652,2,24
4653,6,12
4654,0,10
4655,4,33
4656,3,2
4657,7,30
4658,6,45
4659,1,6
4660,0,16
4661,0,14
4662,6,42
4663,5,8
4664,0,33
4665,6,41
4666,1,11
4667,0,12
4668,0,1
4669,1,35
4670,4,12
4671,1,38
4672,2,39
4673,2,44
4674,0,32
4675,1,33
4676,4,48
4677,0,31
4678,4,21
4679,6,36
4680,2,41
4681,2,25
4682,0,5
4683,2,46
4684,0,37
4685,4,12
4686,2,29
4687,5,23
4688,0,10
4689,6,37
4690,0,28
4691,0,22
4692,2,4
4693,2,18
4694,0,30
4695,2,6
4696,1,3
4697,4,35
4698,3,12
4699,4,25
4700,0,1
4701,5,33
4702,6,48
4703,2,9
4704,4,45
4705,0,29
4706,1,32
4707,4,30
4708,0,30
4709,6,28
4710,3,20
4711,4,42
4712,0,39
4713,5,5
4714,1,11
4715,0,34
4716,1,36
4717,2,29
4718,0,25
4719,1,28
4720,4,16
4721,1,26
4722,4,30
4723,6,6
4724,6,46
4725,2,16
4726,4,8
4727,6,34
4728,6,7
4729,6,47
4730,4,7
4731,0,21
4732,1,44
4733,3,24
4734,0,49
4735,2,13
4736,4,22
4737,0,5
4738,6,25
4739,0,35
4740,4,45
4741,0,37
4742,1,34
4743,0,42
4744,6,37
4745,6,21
4746,4,25
4747,6,43
4748,4,33
4749,6,28
4750,6,15
4751,6,17
4752,4,6
4753,1,5
4754,2,4
4755,4,21
4756,0,21
4757,1,21
4758,6,44
4759,0,1
4760,4,16
4761,6,42
4762,6,48
4763,4,36
4764,1,45
4765,1,2
4766,1,20
4767,4,19
4768,0,7
4769,4,41
4770,1,5
4771,7,4
4772,6,33
4773,7,16
4774,4,8
4775,1,6
4776,6,12
4777,7,38
4778,1,1
4779,0,48
4780,1,21
4781,1,43
4782,6,48
4783,4,39
4784,6,0
4785,6,31
4786,1,45
4787,1,2
4788,6,44
4789,7,10
4790,1,16
4791,1,11
4792,2,42
4793,1,18
4794,1,25
4795,4,10
4796,4,47
4797,4,41
4798,6,6
4799,6,14
4800,1,9
4801,6,39
4802,6,44
4803,0,27
4804,0,10
4805,0,33
4806,2,10
4807,2,5
4808,1,39
4809,2,7
4810,2,40
4811,2,9
4812,2,14
4813,2,37
4814,2,27
4815,2,31
4816,2,15
4817,2,32
4818,2,28
4819,2,17
4820,2,46
4821,2,46
4822,2,41
4823,6,5
4824,4,29
4825,6,37
4826,4,24
4827,1,20
4828,4,43
4829,0,20
4830,7,9
4831,4,49
4832,1,28
4833,6,42
4834,1,18
4835,0,4
4836,4,39
4837,0,27
4838,1,44
4839,0,22
4840,4,27
4841,0,16
4842,4,49
4843,4,23
4844,0,32
4845,6,47
4846,4,8
4847,0,20
4848,0,44
4849,2,26
4850,0,8
4851,1,14
4852,2,12
4853,4,33
4854,0,12
4855,2,2
4856,5,28
4857,0,43
4858,2,28
4859,2,2
4860,2,3
4861,2,47
4862,0,13
4863,6,7
4864,2,37
4865,2,22
4866,6,47
4867,0,3
4868,3,27
4869,0,0
4870,7,2
4871,6,20
4872,0,29
4873,0,18
4874,1,31
4875,1,-2
4876,2,28
4877,4,10
4878,4,4
4879,0,49
4880,6,37
4881,6,5
4882,5,0
4883,0,4
4884,6,16
4885,7,44
4886,5,17
4887,6,13
4888,0,8
4889,5,31
4890,6,11
4891,6,46
4892,2,17
4893,4,19
4894,4,3
4895,0,33
4896,3,19
4897,6,28
4898,0,43
4899,3,23
4900,2,19
4901,0,18
4902,3,40
4903,4,16
4904,0,48
4905,6,11
4906,2,44
4907,2,14
4908,4,36
4909,6,19
4910,5,49
4911,6,2
4912,6,4
4913,7,48
4914,6,37
4915,6,40
4916,2,39
4917,0,3
4918,0,14
4919,0,11
4920,4,17
4921,5,46
4922,0,35
4923,0,2
4924,5,7
4925,6,42
4926,2,20
4927,2,35
4928,1,30
4929,0,22
4930,3,2
4931,0,42
4932,4,1
4933,0,33
4934,2,7
4935,6,16
4936,4,13
4937,7,20
4938,0,46
4939,0,12
4940,4,38
4941,0,3
4942,0,46
4943,1,38
4944,2,42
4945,4,25
4946,2,37
4947,4,29
4948,4,43
4949,0,41
4950,0,1
4951,3,33
4952,5,1
4953,0,29
4954,0,12
4955,2,46
4956,4,33
4957,0,15
4958,0,40
4959,2,1
4960,0,39
4961,3,23
4962,6,3
4963,2,13
4964,0,11
4965,2,4
4966,4,29
4967,6,8
4968,6,3
4969,0,31
4970,0,33
4971,2,4
4972,3,7
4973,2,46
4974,6,13
4975,4,22
4976,7,31
4977,0,13
4978,2,14
4979,1,34
4980,0,39
4981,6,33
4982,4,35
4983,6,0
4984,0,27
4985,4,17
4986,0,31
4987,2,33
4988,2,41
4989,0,43
4990,4,30
4991,5,48
4992,6,22
4993,2,48
4994,2,37
4995,0,7
4996,0,21
4997,7,17
4998,4,37
4999,4,48
