流id,流带宽，起始时间，发送时间
0,736,30,5
1,805,27,47
2,314,47,47
3,895,26,2
4,693,28,4
5,353,29,44
6,529,29,11
7,891,22,2
8,792,33,28
9,119,2,16
10,837,34,9
11,220,42,9
12,823,24,49
13,104,45,4
14,76,48,40
15,390,47,9
16,379,4,24
17,981,8,27
18,754,44,16
19,183,23,38
20,86,39,5
21,417,32,32
22,489,29,13
23,92,5,50
24,998,45,9
25,233,30,42
26,959,15,41
27,264,33,47
28,315,6,20
29,669,3,26
30,978,24,15
31,29,39,38
32,101,3,12
33,957,8,12
34,941,42,42
35,45,22,37
36,241,1,38
37,860,30,26
38,535,46,20
39,324,26,18
40,347,26,23
41,680,32,23
42,814,47,18
43,816,14,42
44,364,13,36
45,554,4,40
46,985,24,5
47,390,50,41
48,635,5,30
49,425,16,27
50,321,23,17
51,871,8,41
52,887,26,15
53,365,28,3
54,221,41,5
55,592,10,49
56,363,49,22
57,450,1,6
58,752,25,21
59,923,7,32
60,341,29,50
61,613,30,47
62,277,44,46
63,938,45,40
64,422,40,20
65,176,4,36
66,645,3,49
67,811,33,7
68,240,24,34
69,103,34,24
70,742,30,33
71,160,30,19
72,458,41,30
73,807,34,29
74,446,39,13
75,979,44,48
76,750,45,5
77,797,48,42
78,88,30,32
79,544,37,41
80,433,31,38
81,165,41,6
82,789,16,29
83,307,6,49
84,232,30,29
85,968,32,43
86,345,16,10
87,344,38,9
88,121,18,4
89,614,48,21
90,384,29,36
91,31,40,43
92,623,31,9
93,765,29,40
94,584,36,18
95,979,21,39
96,468,31,12
97,414,12,24
98,952,30,11
99,493,18,21
100,219,34,19
101,515,39,39
102,503,2,12
103,829,23,1
104,591,14,1
105,664,12,15
106,745,38,7
107,821,9,20
108,806,32,21
109,609,20,42
110,909,37,5
111,997,44,50
112,491,23,50
113,784,42,43
114,617,7,27
115,865,23,19
116,267,29,3
117,35,9,43
118,320,18,6
119,561,32,8
120,268,50,37
121,654,4,43
122,296,35,24
123,837,5,28
124,21,47,2
125,441,12,47
126,107,27,13
127,687,1,37
128,802,23,23
129,765,1,24
130,372,34,18
131,971,4,3
132,181,24,16
133,897,36,22
134,613,5,48
135,29,28,7
136,958,9,28
137,451,48,9
138,835,5,6
139,26,11,23
140,709,6,5
141,472,0,27
142,707,25,20
143,994,0,41
144,102,25,49
145,733,12,28
146,184,46,49
147,597,34,2
148,696,32,1
149,754,34,20
150,628,7,47
151,873,22,48
152,582,12,10
153,660,32,35
154,567,1,19
155,67,42,3
156,886,21,5
157,851,37,49
158,972,10,22
159,780,31,44
160,327,15,13
161,756,3,40
162,842,47,5
163,596,40,10
164,22,1,46
165,531,1,25
166,989,33,19
167,315,12,23
168,214,30,8
169,36,8,2
170,120,48,22
171,311,46,19
172,222,14,22
173,972,49,32
174,546,8,39
175,192,4,31
176,951,36,28
177,141,39,11
178,929,29,46
179,342,6,14
180,263,21,43
181,938,47,19
182,458,39,1
183,977,34,2
184,615,6,18
185,589,47,7
186,458,4,31
187,632,20,23
188,835,36,11
189,985,18,7
190,700,10,33
191,176,28,13
192,712,9,31
193,760,49,14
194,524,37,3
195,114,43,17
196,330,35,19
197,650,37,20
198,696,22,44
199,37,21,47
200,445,22,42
201,954,45,36
202,702,39,12
203,83,38,6
204,202,33,36
205,988,22,32
206,514,3,11
207,958,24,28
208,273,36,28
209,766,35,19
210,85,38,18
211,997,4,28
212,749,13,17
213,460,27,36
214,230,30,45
215,562,27,12
216,191,28,34
217,649,36,40
218,124,46,50
219,256,12,11
220,91,47,15
221,529,9,19
222,354,22,3
223,695,10,1
224,419,22,15
225,964,26,13
226,751,22,47
227,676,28,43
228,934,25,28
229,778,20,18
230,938,5,49
231,92,44,12
232,501,44,19
233,125,24,30
234,420,49,42
235,17,30,31
236,290,4,45
237,266,0,7
238,301,11,14
239,334,31,37
240,463,27,13
241,401,18,25
242,450,4,14
243,987,16,46
244,991,17,13
245,858,34,12
246,946,27,24
247,934,43,38
248,460,33,14
249,645,18,2
250,925,19,4
251,97,3,20
252,420,31,13
253,47,15,13
254,746,10,12
255,905,36,15
256,754,40,13
257,76,29,24
258,686,14,22
259,425,43,16
260,887,43,13
261,37,36,18
262,264,48,45
263,522,10,42
264,26,34,45
265,223,42,25
266,184,14,11
267,108,10,20
268,712,2,19
269,824,42,4
270,69,13,45
271,850,46,37
272,718,32,4
273,584,33,46
274,409,14,8
275,332,41,35
276,571,48,42
277,251,37,18
278,619,18,4
279,773,17,37
280,91,25,35
281,203,46,12
282,181,36,43
283,35,29,9
284,769,50,7
285,937,37,27
286,754,18,3
287,590,41,48
288,942,40,24
289,229,42,4
290,210,36,46
291,163,43,21
292,108,49,16
293,961,44,6
294,38,12,31
295,689,23,32
296,957,6,7
297,816,17,2
298,518,46,31
299,92,49,7
300,483,37,3
301,356,34,47
302,43,4,29
303,664,40,47
304,333,48,46
305,657,12,28
306,734,50,3
307,147,41,10
308,530,31,6
309,730,12,33
310,702,27,14
311,699,5,23
312,660,24,26
313,659,5,15
314,574,3,32
315,543,28,32
316,430,8,25
317,217,17,41
318,572,43,39
319,777,26,3
320,739,22,18
321,861,12,33
322,801,39,48
323,551,39,21
324,645,16,18
325,437,50,21
326,706,5,4
327,182,43,2
328,945,32,20
329,61,18,35
330,909,14,45
331,35,35,17
332,428,29,49
333,757,49,28
334,350,39,22
335,705,48,27
336,648,36,36
337,942,36,39
338,353,23,18
339,524,18,46
340,681,9,48
341,417,29,40
342,153,34,40
343,123,1,46
344,354,12,45
345,600,0,32
346,923,23,43
347,736,25,22
348,243,15,20
349,489,24,23
350,207,41,37
351,918,6,7
352,200,1,29
353,838,8,40
354,944,34,46
355,872,10,21
356,349,39,16
357,484,8,30
358,50,12,33
359,82,34,4
360,198,50,29
361,883,12,23
362,654,22,45
363,396,48,5
364,517,32,44
365,687,27,5
366,301,47,3
367,71,18,5
368,746,20,33
369,979,5,47
370,279,41,28
371,505,40,32
372,445,28,24
373,313,50,29
374,759,38,11
375,461,41,2
376,354,16,16
377,895,11,19
378,584,19,24
379,785,0,40
380,356,22,42
381,832,48,13
382,912,27,7
383,668,47,8
384,831,49,25
385,272,12,4
386,92,43,38
387,874,21,32
388,441,45,21
389,710,25,23
390,292,1,46
391,229,0,20
392,905,44,42
393,134,35,9
394,902,44,42
395,471,16,30
396,975,44,39
397,679,42,3
398,887,21,12
399,470,27,22
400,862,49,15
401,852,29,36
402,280,18,12
403,586,33,28
404,766,28,32
405,779,26,36
406,761,25,25
407,597,37,42
408,936,18,47
409,376,3,3
410,698,38,42
411,340,3,48
412,593,2,26
413,151,34,34
414,34,26,8
415,244,1,18
416,248,16,10
417,412,41,20
418,362,46,11
419,14,0,38
420,28,45,2
421,316,3,12
422,706,33,20
423,114,43,38
424,820,38,38
425,935,12,35
426,356,12,27
427,683,31,47
428,121,42,37
429,569,32,18
430,957,32,1
431,322,15,6
432,321,21,3
433,856,2,43
434,797,44,25
435,734,32,7
436,539,50,23
437,831,20,41
438,518,39,50
439,766,21,43
440,744,26,37
441,707,37,27
442,554,46,4
443,293,7,9
444,890,30,32
445,796,38,14
446,731,14,22
447,515,16,3
448,278,7,10
449,365,44,45
450,841,36,16
451,589,32,13
452,536,43,6
453,621,26,40
454,611,13,24
455,262,7,38
456,490,25,43
457,114,36,4
458,986,22,41
459,712,22,28
460,439,21,14
461,184,8,40
462,749,7,16
463,630,19,31
464,86,5,39
465,927,10,46
466,262,25,10
467,550,47,40
468,287,36,15
469,797,47,31
470,694,11,22
471,582,23,15
472,868,39,22
473,576,26,36
474,337,46,9
475,800,33,35
476,768,46,35
477,740,44,22
478,560,36,7
479,89,18,38
480,34,17,5
481,368,26,35
482,806,9,6
483,297,2,44
484,438,32,9
485,344,25,2
486,819,38,43
487,963,50,28
488,864,45,37
489,276,41,5
490,759,23,17
491,776,21,41
492,860,5,33
493,874,36,1
494,773,43,3
495,262,36,48
496,647,41,47
497,164,0,28
498,957,47,34
499,273,7,1
500,936,28,49
501,775,40,12
502,42,24,30
503,137,12,19
504,204,18,44
505,966,39,45
506,396,21,34
507,138,4,31
508,740,21,34
509,524,36,43
510,339,42,2
511,605,2,23
512,243,30,13
513,937,7,46
514,897,34,44
515,616,38,3
516,859,17,37
517,271,14,19
518,379,0,46
519,73,30,24
520,962,50,35
521,397,5,6
522,41,38,24
523,361,12,36
524,211,46,48
525,146,7,18
526,651,0,8
527,617,42,2
528,319,45,34
529,996,22,43
530,247,30,31
531,56,22,24
532,995,47,6
533,546,24,11
534,150,49,19
535,709,30,12
536,726,44,27
537,572,22,24
538,661,17,29
539,554,25,8
540,629,16,9
541,956,46,33
542,218,19,39
543,46,17,27
544,982,11,1
545,974,16,30
546,490,19,13
547,848,40,11
548,482,43,27
549,562,8,35
550,284,32,4
551,496,28,28
552,906,39,29
553,553,5,32
554,756,2,31
555,790,48,15
556,63,25,41
557,308,47,11
558,132,49,21
559,280,3,38
560,159,16,12
561,47,6,4
562,154,22,7
563,471,13,12
564,197,28,3
565,222,10,10
566,43,50,21
567,491,43,27
568,289,11,11
569,868,27,8
570,907,33,36
571,913,14,49
572,325,7,8
573,786,22,38
574,220,12,49
575,415,12,3
576,698,23,6
577,439,35,18
578,245,43,45
579,36,9,1
580,989,50,10
581,231,9,6
582,663,12,21
583,802,50,11
584,664,49,28
585,618,39,8
586,503,45,9
587,881,24,50
588,838,10,21
589,53,20,13
590,445,50,30
591,260,41,39
592,605,26,49
593,15,12,39
594,964,28,20
595,686,12,6
596,972,22,47
597,612,44,36
598,139,3,18
599,742,47,29
600,691,14,36
601,282,39,38
602,376,44,8
603,869,25,4
604,432,3,48
605,717,42,6
606,623,7,5
607,651,25,28
608,371,42,35
609,563,45,20
610,778,10,47
611,897,49,45
612,150,1,16
613,873,9,26
614,488,19,25
615,854,12,36
616,962,18,11
617,29,45,26
618,349,5,35
619,313,32,14
620,759,12,13
621,619,17,26
622,790,48,2
623,542,13,1
624,29,49,49
625,159,32,9
626,854,12,39
627,221,43,31
628,811,14,32
629,473,22,39
630,362,0,44
631,928,5,41
632,605,1,12
633,231,41,1
634,819,4,24
635,19,16,10
636,285,40,46
637,433,44,19
638,808,15,7
639,740,22,24
640,76,17,13
641,763,31,12
642,609,4,41
643,466,23,21
644,41,23,34
645,136,11,25
646,781,9,16
647,11,32,26
648,891,36,44
649,750,39,34
650,522,41,7
651,195,4,19
652,41,37,10
653,11,7,3
654,622,19,47
655,175,39,26
656,817,1,6
657,96,23,13
658,830,24,38
659,891,16,38
660,689,15,32
661,677,33,7
662,454,37,14
663,170,36,22
664,441,11,43
665,456,2,10
666,105,34,48
667,812,19,2
668,213,8,37
669,882,38,18
670,412,37,14
671,850,50,17
672,579,23,32
673,194,33,14
674,900,12,42
675,642,13,13
676,409,4,13
677,589,37,37
678,282,11,26
679,850,49,39
680,382,9,39
681,814,18,22
682,809,40,27
683,675,29,32
684,903,38,20
685,281,48,29
686,885,30,1
687,335,16,34
688,813,41,8
689,107,31,28
690,334,49,8
691,437,17,29
692,540,46,27
693,615,8,17
694,816,9,31
695,973,8,30
696,535,25,13
697,325,12,24
698,11,15,34
699,163,21,4
700,96,18,13
701,677,35,13
702,102,36,32
703,212,11,24
704,132,31,23
705,25,26,12
706,870,15,38
707,57,16,8
708,484,18,26
709,858,25,40
710,714,17,39
711,945,37,6
712,280,24,43
713,72,43,42
714,463,35,34
715,585,3,40
716,114,19,42
717,940,2,12
718,851,9,8
719,329,30,44
720,406,11,31
721,298,29,28
722,209,18,47
723,726,8,32
724,201,16,27
725,346,16,19
726,194,18,35
727,595,6,17
728,994,2,17
729,641,46,12
730,939,37,20
731,707,5,29
732,127,3,38
733,520,9,6
734,654,43,45
735,357,17,28
736,884,30,13
737,53,11,5
738,39,16,25
739,448,29,45
740,542,1,40
741,346,48,24
742,204,20,38
743,139,24,1
744,302,35,2
745,656,9,35
746,774,37,27
747,830,34,37
748,505,37,2
749,51,5,43
750,833,24,26
751,803,21,34
752,165,24,31
753,696,23,2
754,889,1,40
755,149,29,2
756,939,31,42
757,800,44,3
758,116,10,38
759,191,12,24
760,544,1,34
761,590,38,17
762,535,26,5
763,107,15,26
764,924,10,44
765,645,12,6
766,246,38,22
767,886,15,35
768,245,2,39
769,542,41,50
770,628,44,35
771,525,21,30
772,546,27,9
773,333,45,34
774,771,47,50
775,761,49,37
776,730,34,49
777,648,45,1
778,811,28,10
779,225,13,34
780,54,30,46
781,705,14,26
782,747,26,2
783,611,10,38
784,511,33,33
785,662,30,42
786,97,20,47
787,56,42,23
788,922,7,15
789,211,50,49
790,640,45,17
791,101,50,20
792,867,42,28
793,557,49,40
794,265,6,48
795,25,25,33
796,754,3,5
797,63,3,32
798,183,19,34
799,923,47,22
800,470,0,19
801,610,15,26
802,679,11,42
803,415,29,36
804,645,45,46
805,485,27,16
806,929,2,30
807,71,7,20
808,874,22,20
809,698,14,38
810,36,5,24
811,328,37,48
812,744,21,47
813,771,14,18
814,143,10,38
815,518,7,34
816,422,8,8
817,909,1,1
818,486,16,27
819,554,3,18
820,193,50,23
821,425,49,50
822,545,26,22
823,15,16,46
824,673,37,19
825,919,6,20
826,764,7,43
827,767,28,9
828,440,21,10
829,289,4,33
830,187,15,2
831,263,39,9
832,590,18,10
833,152,14,25
834,77,2,25
835,141,36,45
836,944,16,46
837,983,39,37
838,131,30,15
839,63,37,23
840,747,18,18
841,827,48,39
842,727,14,6
843,587,43,13
844,684,34,42
845,277,30,12
846,871,49,13
847,103,13,9
848,465,32,5
849,317,30,23
850,645,27,11
851,660,13,10
852,118,9,23
853,188,38,33
854,720,7,6
855,911,39,7
856,345,46,45
857,242,34,18
858,225,1,23
859,792,35,39
860,887,8,43
861,792,15,3
862,923,10,14
863,97,48,15
864,561,36,36
865,272,14,9
866,786,28,30
867,941,41,23
868,413,13,2
869,393,3,34
870,425,22,20
871,891,23,39
872,988,6,19
873,358,8,8
874,102,39,32
875,812,24,4
876,486,40,38
877,728,33,50
878,532,22,36
879,128,33,8
880,905,22,19
881,553,43,42
882,756,2,41
883,245,8,15
884,770,2,31
885,683,6,31
886,255,25,33
887,552,6,13
888,439,32,4
889,525,7,34
890,855,17,7
891,607,8,33
892,759,15,17
893,369,31,7
894,380,16,39
895,999,19,31
896,93,29,2
897,441,21,7
898,641,18,19
899,943,50,6
900,445,47,8
901,891,2,19
902,147,3,23
903,690,2,43
904,140,45,4
905,749,17,9
906,254,30,48
907,518,33,42
908,160,35,4
909,159,7,43
910,28,17,1
911,708,42,39
912,721,37,20
913,451,27,8
914,961,20,3
915,707,0,15
916,597,21,2
917,428,49,47
918,256,3,20
919,273,32,9
920,606,9,47
921,305,25,33
922,774,1,45
923,826,48,37
924,908,38,31
925,423,23,45
926,598,3,37
927,964,30,45
928,441,17,27
929,341,41,35
930,377,29,21
931,812,4,32
932,256,14,46
933,843,20,26
934,12,0,49
935,558,49,28
936,123,19,7
937,856,10,46
938,949,44,35
939,692,45,40
940,862,35,17
941,680,45,37
942,556,16,22
943,259,18,16
944,440,9,2
945,234,6,25
946,361,0,10
947,159,6,40
948,746,47,38
949,509,39,10
950,732,37,17
951,986,47,26
952,44,6,29
953,671,16,43
954,193,2,11
955,598,25,27
956,883,39,40
957,123,15,43
958,519,26,39
959,984,21,5
960,721,29,14
961,466,40,2
962,85,37,4
963,419,3,5
964,607,12,3
965,262,32,13
966,115,25,42
967,801,42,33
968,779,35,36
969,352,16,25
970,228,12,40
971,911,43,29
972,373,33,24
973,761,30,16
974,468,46,18
975,166,25,5
976,502,10,47
977,484,37,20
978,204,33,8
979,229,35,5
980,841,36,13
981,373,4,11
982,118,16,49
983,453,28,9
984,138,10,27
985,865,47,16
986,145,1,25
987,795,43,8
988,479,32,30
989,299,2,36
990,169,8,13
991,32,10,22
992,876,7,22
993,915,24,21
994,210,7,19
995,579,7,20
996,562,38,43
997,328,5,40
998,994,12,20
999,458,25,2
1000,933,22,6
1001,29,28,37
1002,189,28,14
1003,557,26,44
1004,910,16,24
1005,160,26,46
1006,636,33,11
1007,709,36,4
1008,629,29,11
1009,502,6,21
1010,810,14,2
1011,488,9,46
1012,388,32,26
1013,448,25,5
1014,217,26,44
1015,921,12,10
1016,150,48,11
1017,722,19,45
1018,604,7,8
1019,235,12,8
1020,359,46,36
1021,732,37,48
1022,802,7,14
1023,920,1,22
1024,704,49,11
1025,115,20,32
1026,677,18,27
1027,18,24,36
1028,687,40,12
1029,541,45,42
1030,358,36,13
1031,959,35,46
1032,295,11,35
1033,943,4,38
1034,400,34,24
1035,924,8,20
1036,449,43,7
1037,296,8,12
1038,282,27,14
1039,890,26,35
1040,947,23,11
1041,232,0,26
1042,361,13,15
1043,317,3,18
1044,47,42,12
1045,427,37,11
1046,898,8,41
1047,728,39,38
1048,913,21,49
1049,220,3,2
1050,443,31,37
1051,693,15,40
1052,584,29,45
1053,55,41,4
1054,164,27,44
1055,451,13,45
1056,975,25,33
1057,572,30,36
1058,888,0,32
1059,929,18,23
1060,756,4,33
1061,979,7,41
1062,981,27,1
1063,304,25,5
1064,88,21,14
1065,480,49,45
1066,165,31,30
1067,114,41,32
1068,699,6,39
1069,327,43,23
1070,799,17,43
1071,448,32,20
1072,929,1,29
1073,137,36,22
1074,709,17,22
1075,157,29,5
1076,931,20,3
1077,117,25,6
1078,735,17,27
1079,122,39,11
1080,20,17,20
1081,68,7,2
1082,366,44,27
1083,775,28,8
1084,68,36,1
1085,553,3,8
1086,320,30,48
1087,657,37,7
1088,922,47,22
1089,710,3,45
1090,965,5,33
1091,301,15,11
1092,704,47,38
1093,989,12,13
1094,38,27,13
1095,911,12,15
1096,923,4,32
1097,533,18,35
1098,538,45,2
1099,210,50,8
1100,653,37,26
1101,616,3,5
1102,900,12,2
1103,736,46,36
1104,755,9,7
1105,601,29,1
1106,126,22,18
1107,910,6,41
1108,170,29,18
1109,309,6,49
1110,399,27,18
1111,234,16,25
1112,95,13,20
1113,763,45,13
1114,184,13,23
1115,35,41,5
1116,333,16,16
1117,130,20,16
1118,666,16,36
1119,331,49,18
1120,484,46,5
1121,323,26,22
1122,435,4,19
1123,319,25,29
1124,311,12,24
1125,417,13,13
1126,207,1,40
1127,624,22,32
1128,470,30,21
1129,54,37,4
1130,974,31,14
1131,798,25,38
1132,232,23,40
1133,500,36,48
1134,508,16,26
1135,223,2,27
1136,162,37,46
1137,262,25,47
1138,119,8,2
1139,756,33,11
1140,609,0,28
1141,738,42,37
1142,857,37,34
1143,987,0,9
1144,791,35,44
1145,255,10,16
1146,988,17,41
1147,613,8,1
1148,246,10,30
1149,370,13,41
1150,146,40,10
1151,705,6,5
1152,375,47,44
1153,412,16,44
1154,207,12,2
1155,218,17,14
1156,503,9,6
1157,649,48,18
1158,869,37,9
1159,130,40,41
1160,396,48,31
1161,575,29,39
1162,691,49,14
1163,910,28,23
1164,790,5,17
1165,17,28,49
1166,221,43,5
1167,52,28,4
1168,653,28,37
1169,481,49,22
1170,622,23,20
1171,214,22,48
1172,185,7,50
1173,553,26,39
1174,239,14,9
1175,493,26,38
1176,762,25,7
1177,799,20,45
1178,900,31,39
1179,574,23,5
1180,50,16,10
1181,142,16,28
1182,86,7,44
1183,510,1,18
1184,53,41,2
1185,263,35,15
1186,620,39,29
1187,325,23,18
1188,132,25,16
1189,611,43,19
1190,42,22,40
1191,577,40,32
1192,511,14,27
1193,268,42,26
1194,881,13,44
1195,63,17,16
1196,891,15,47
1197,386,41,23
1198,471,3,25
1199,825,9,33
1200,564,30,2
1201,817,29,11
1202,391,1,45
1203,59,22,43
1204,23,5,34
1205,366,28,25
1206,470,45,22
1207,260,10,37
1208,74,48,10
1209,304,13,12
1210,261,31,20
1211,515,20,3
1212,923,46,3
1213,171,9,50
1214,177,24,49
1215,910,20,35
1216,310,16,10
1217,980,9,22
1218,834,41,17
1219,635,25,7
1220,860,10,49
1221,78,25,16
1222,211,24,31
1223,82,30,40
1224,193,37,36
1225,526,36,38
1226,451,17,2
1227,181,27,46
1228,863,20,17
1229,873,20,20
1230,508,48,1
1231,761,35,28
1232,342,11,30
1233,231,3,41
1234,728,48,30
1235,176,31,38
1236,992,15,7
1237,92,43,6
1238,169,11,15
1239,144,48,32
1240,876,12,17
1241,739,1,33
1242,457,9,8
1243,41,1,39
1244,957,10,25
1245,10,25,48
1246,19,36,9
1247,951,21,40
1248,340,19,24
1249,872,38,6
1250,781,6,13
1251,743,34,40
1252,740,20,24
1253,840,41,39
1254,142,24,47
1255,403,21,13
1256,988,20,5
1257,986,2,46
1258,592,13,26
1259,774,16,46
1260,517,25,32
1261,972,41,32
1262,979,41,12
1263,260,34,2
1264,698,0,17
1265,237,47,7
1266,896,26,6
1267,593,7,15
1268,751,24,4
1269,211,8,44
1270,405,0,2
1271,999,34,27
1272,660,30,1
1273,496,27,11
1274,74,34,19
1275,987,33,11
1276,397,19,25
1277,722,39,31
1278,762,49,38
1279,799,8,31
1280,363,50,11
1281,71,29,3
1282,589,23,38
1283,306,25,22
1284,997,10,29
1285,903,14,7
1286,569,42,48
1287,464,38,43
1288,93,44,34
1289,676,14,31
1290,451,5,11
1291,907,21,3
1292,640,38,14
1293,688,47,3
1294,858,0,19
1295,905,1,31
1296,509,41,31
1297,906,46,11
1298,839,41,50
1299,633,18,39
1300,102,9,24
1301,732,32,22
1302,863,14,29
1303,911,8,29
1304,588,48,42
1305,960,38,9
1306,214,7,9
1307,750,14,50
1308,834,14,41
1309,752,43,49
1310,394,1,44
1311,550,41,34
1312,34,15,30
1313,230,14,9
1314,826,38,32
1315,802,40,6
1316,33,2,26
1317,408,7,45
1318,488,38,40
1319,306,5,15
1320,124,27,27
1321,863,11,3
1322,600,47,42
1323,906,1,38
1324,732,15,45
1325,946,2,30
1326,73,19,44
1327,309,10,19
1328,412,26,17
1329,53,5,7
1330,67,31,35
1331,564,32,22
1332,650,26,17
1333,997,5,8
1334,785,19,20
1335,619,43,42
1336,73,47,8
1337,264,45,10
1338,939,16,21
1339,321,26,7
1340,750,42,41
1341,575,3,15
1342,953,18,12
1343,553,25,7
1344,129,45,50
1345,804,29,7
1346,932,31,25
1347,874,41,7
1348,151,38,44
1349,932,31,37
1350,650,7,14
1351,122,2,25
1352,828,21,20
1353,311,34,18
1354,660,15,41
1355,270,15,23
1356,87,23,35
1357,459,3,49
1358,243,41,50
1359,393,5,35
1360,861,13,9
1361,873,1,19
1362,935,33,7
1363,133,37,19
1364,799,33,3
1365,833,42,44
1366,818,26,33
1367,504,40,26
1368,276,6,30
1369,561,43,49
1370,55,16,46
1371,342,24,25
1372,87,19,46
1373,443,32,4
1374,994,50,15
1375,29,47,1
1376,128,30,25
1377,431,26,34
1378,505,3,21
1379,350,24,20
1380,466,35,8
1381,153,29,6
1382,682,33,49
1383,33,40,6
1384,456,3,47
1385,278,26,43
1386,951,33,32
1387,672,34,5
1388,702,50,12
1389,948,46,4
1390,385,44,39
1391,157,20,50
1392,589,49,49
1393,768,0,34
1394,528,49,13
1395,542,48,12
1396,41,18,31
1397,360,39,17
1398,689,18,9
1399,952,36,2
1400,200,49,22
1401,438,7,23
1402,692,45,31
1403,655,30,21
1404,983,1,43
1405,730,26,2
1406,374,21,30
1407,600,40,9
1408,157,41,27
1409,23,44,23
1410,616,47,32
1411,948,22,10
1412,350,5,39
1413,638,40,10
1414,925,24,43
1415,996,42,21
1416,130,30,35
1417,50,45,23
1418,866,25,3
1419,242,6,44
1420,55,6,12
1421,778,16,31
1422,271,38,20
1423,105,44,28
1424,262,29,16
1425,202,26,31
1426,246,30,45
1427,77,19,30
1428,922,12,20
1429,57,16,28
1430,283,32,45
1431,251,42,29
1432,633,4,30
1433,658,4,40
1434,874,8,14
1435,713,16,13
1436,88,21,15
1437,466,50,48
1438,496,28,21
1439,328,39,25
1440,505,4,23
1441,76,44,30
1442,443,34,28
1443,799,21,15
1444,645,7,36
1445,368,1,22
1446,76,9,29
1447,206,25,4
1448,551,39,22
1449,235,5,6
1450,851,50,9
1451,330,44,31
1452,991,13,11
1453,122,35,9
1454,439,33,43
1455,987,10,8
1456,123,3,4
1457,384,26,3
1458,519,39,29
1459,314,16,27
1460,567,41,10
1461,598,1,12
1462,991,18,45
1463,258,18,43
1464,568,13,18
1465,813,45,34
1466,888,48,22
1467,403,36,2
1468,818,29,32
1469,975,43,8
1470,265,49,50
1471,720,9,43
1472,370,12,18
1473,94,37,25
1474,860,22,5
1475,975,26,35
1476,509,36,45
1477,264,30,14
1478,231,38,2
1479,420,49,18
1480,430,10,17
1481,298,30,49
1482,612,43,2
1483,379,40,50
1484,760,18,24
1485,910,19,18
1486,949,15,22
1487,14,20,18
1488,622,7,43
1489,728,16,18
1490,102,45,35
1491,786,36,22
1492,986,18,23
1493,606,48,38
1494,222,4,40
1495,956,33,29
1496,375,45,8
1497,232,23,1
1498,20,50,50
1499,416,10,11
1500,336,13,16
1501,193,24,20
1502,801,12,10
1503,52,29,46
1504,655,44,2
1505,468,3,33
1506,703,13,48
1507,532,14,21
1508,171,44,3
1509,195,1,25
1510,302,48,7
1511,512,36,24
1512,166,24,33
1513,316,23,15
1514,871,4,37
1515,622,45,26
1516,525,6,40
1517,918,1,12
1518,21,22,28
1519,58,36,44
1520,960,26,30
1521,595,14,41
1522,618,39,41
1523,525,11,47
1524,835,19,41
1525,49,43,17
1526,876,4,6
1527,600,27,41
1528,445,50,5
1529,905,48,29
1530,183,22,37
1531,87,21,18
1532,336,43,9
1533,235,49,47
1534,11,0,14
1535,213,24,5
1536,753,10,47
1537,845,28,46
1538,906,48,13
1539,318,6,7
1540,689,42,36
1541,449,3,17
1542,461,39,29
1543,710,48,50
1544,842,1,5
1545,93,10,25
1546,86,38,41
1547,110,4,4
1548,314,48,42
1549,131,37,29
1550,266,19,21
1551,249,50,23
1552,609,35,37
1553,326,3,43
1554,688,29,41
1555,223,4,47
1556,469,29,44
1557,443,31,10
1558,679,24,6
1559,206,16,38
1560,587,2,42
1561,752,23,42
1562,99,47,12
1563,793,13,38
1564,983,27,29
1565,90,16,25
1566,950,24,42
1567,541,46,10
1568,404,11,33
1569,246,6,25
1570,632,13,7
1571,781,9,6
1572,212,15,39
1573,524,50,28
1574,196,48,31
1575,399,9,2
1576,551,38,8
1577,612,47,22
1578,539,1,4
1579,832,32,35
1580,431,19,23
1581,550,17,32
1582,944,17,14
1583,53,6,29
1584,947,29,10
1585,475,9,48
1586,280,39,37
1587,561,31,5
1588,465,4,50
1589,970,7,48
1590,469,22,24
1591,427,33,3
1592,787,14,33
1593,380,1,27
1594,559,5,1
1595,903,36,19
1596,402,49,33
1597,510,16,9
1598,91,21,14
1599,206,49,23
1600,872,34,9
1601,105,3,13
1602,299,24,29
1603,422,48,49
1604,564,25,26
1605,761,11,17
1606,650,28,25
1607,486,38,31
1608,479,46,19
1609,294,38,45
1610,283,38,22
1611,816,0,50
1612,271,44,9
1613,361,18,5
1614,924,22,19
1615,472,35,27
1616,373,26,28
1617,481,18,10
1618,783,19,48
1619,113,43,27
1620,806,8,50
1621,774,30,16
1622,588,25,14
1623,458,16,15
1624,880,37,41
1625,684,1,14
1626,161,37,41
1627,970,33,10
1628,460,25,18
1629,933,41,4
1630,177,17,19
1631,226,41,10
1632,978,2,32
1633,474,33,9
1634,866,42,45
1635,303,43,31
1636,421,8,3
1637,207,20,18
1638,804,19,15
1639,616,3,34
1640,466,21,32
1641,122,0,39
1642,727,24,11
1643,558,8,11
1644,14,41,18
1645,549,6,43
1646,330,40,50
1647,836,9,44
1648,670,24,36
1649,504,20,23
1650,229,39,43
1651,633,36,21
1652,544,12,40
1653,985,39,18
1654,536,12,31
1655,978,14,34
1656,921,46,31
1657,784,5,43
1658,67,42,30
1659,467,46,30
1660,92,28,37
1661,638,38,6
1662,125,2,31
1663,744,12,20
1664,590,38,40
1665,651,9,39
1666,507,33,2
1667,34,27,8
1668,993,13,5
1669,288,50,39
1670,293,48,23
1671,360,9,32
1672,96,45,41
1673,199,34,47
1674,862,49,18
1675,791,19,16
1676,161,33,24
1677,411,12,36
1678,643,23,31
1679,152,38,45
1680,119,45,14
1681,468,20,45
1682,56,7,20
1683,884,45,14
1684,214,13,14
1685,757,34,42
1686,377,3,30
1687,522,5,32
1688,70,44,41
1689,251,50,39
1690,943,10,6
1691,439,7,35
1692,285,46,3
1693,93,3,49
1694,898,30,24
1695,895,24,1
1696,885,23,39
1697,386,18,8
1698,676,34,17
1699,348,21,10
1700,412,37,2
1701,248,8,24
1702,258,29,18
1703,551,37,24
1704,394,22,48
1705,771,27,32
1706,949,45,19
1707,54,37,20
1708,703,36,7
1709,12,13,32
1710,869,16,42
1711,516,50,35
1712,43,19,32
1713,362,42,43
1714,590,48,29
1715,598,32,29
1716,727,9,44
1717,880,24,19
1718,347,49,14
1719,778,20,3
1720,290,11,20
1721,389,13,33
1722,125,16,11
1723,43,26,9
1724,732,19,3
1725,316,24,43
1726,544,20,38
1727,26,29,27
1728,404,19,1
1729,700,6,26
1730,164,1,5
1731,199,47,1
1732,620,28,28
1733,287,24,40
1734,564,17,3
1735,788,41,23
1736,333,0,23
1737,968,48,31
1738,912,36,16
1739,771,49,29
1740,400,26,9
1741,820,10,28
1742,475,7,29
1743,318,3,47
1744,723,34,39
1745,426,16,38
1746,156,16,5
1747,315,10,48
1748,911,39,37
1749,26,2,30
1750,661,10,45
1751,406,43,39
1752,849,0,27
1753,930,22,30
1754,167,10,30
1755,759,30,32
1756,359,28,44
1757,20,13,7
1758,286,44,16
1759,599,22,35
1760,164,15,24
1761,820,32,47
1762,331,7,37
1763,335,19,26
1764,959,18,39
1765,860,2,26
1766,229,12,10
1767,436,27,36
1768,278,12,20
1769,266,49,24
1770,843,27,7
1771,625,6,36
1772,367,19,24
1773,687,14,25
1774,698,38,35
1775,551,44,37
1776,872,43,24
1777,412,48,38
1778,867,33,27
1779,246,13,1
1780,109,28,44
1781,672,16,46
1782,149,12,44
1783,733,46,6
1784,977,2,1
1785,331,49,19
1786,581,11,13
1787,980,11,20
1788,317,50,27
1789,820,43,16
1790,64,17,43
1791,445,2,18
1792,32,28,49
1793,213,2,28
1794,82,31,8
1795,545,1,47
1796,852,15,47
1797,896,18,24
1798,831,49,5
1799,374,31,19
1800,729,38,13
1801,776,25,6
1802,300,6,35
1803,145,40,25
1804,894,24,49
1805,585,13,8
1806,41,2,11
1807,682,18,25
1808,92,46,37
1809,991,24,7
1810,207,33,21
1811,926,15,44
1812,856,3,25
1813,760,16,44
1814,480,35,44
1815,519,45,48
1816,802,46,46
1817,1000,10,5
1818,290,37,13
1819,891,43,4
1820,290,30,14
1821,441,27,41
1822,845,3,11
1823,407,6,36
1824,399,38,39
1825,929,33,39
1826,529,43,17
1827,911,15,50
1828,483,5,34
1829,121,36,15
1830,941,29,41
1831,362,26,18
1832,460,20,33
1833,622,10,8
1834,770,47,2
1835,801,3,27
1836,680,6,36
1837,893,18,25
1838,806,13,43
1839,813,18,33
1840,301,49,41
1841,690,9,39
1842,707,45,29
1843,495,18,32
1844,185,12,32
1845,272,40,21
1846,330,9,9
1847,404,4,3
1848,425,4,50
1849,326,48,5
1850,630,1,37
1851,815,29,37
1852,466,31,10
1853,296,47,33
1854,183,48,8
1855,320,9,16
1856,755,50,29
1857,181,1,9
1858,111,43,46
1859,600,4,42
1860,484,4,2
1861,172,31,46
1862,998,30,21
1863,512,26,23
1864,148,46,20
1865,14,6,16
1866,797,35,21
1867,296,43,6
1868,326,25,34
1869,880,37,43
1870,711,45,10
1871,793,14,47
1872,968,21,7
1873,212,12,30
1874,95,50,32
1875,928,6,36
1876,717,10,1
1877,56,26,10
1878,637,18,7
1879,769,40,14
1880,772,28,31
1881,336,47,13
1882,97,33,14
1883,447,29,6
1884,763,49,12
1885,325,50,41
1886,584,28,26
1887,578,38,35
1888,75,23,18
1889,957,50,25
1890,247,26,31
1891,168,38,3
1892,926,18,12
1893,714,19,37
1894,110,38,20
1895,850,11,24
1896,763,42,32
1897,176,26,45
1898,199,17,1
1899,788,21,26
1900,343,1,13
1901,914,46,7
1902,284,49,3
1903,573,20,34
1904,140,26,18
1905,904,9,45
1906,937,14,26
1907,254,43,7
1908,245,31,44
1909,828,16,15
1910,543,20,43
1911,574,40,27
1912,958,0,40
1913,181,16,43
1914,241,9,27
1915,240,41,13
1916,660,18,35
1917,124,23,36
1918,934,20,31
1919,620,22,19
1920,252,16,31
1921,539,38,26
1922,109,42,27
1923,524,25,33
1924,979,30,33
1925,281,48,12
1926,229,49,26
1927,327,32,27
1928,37,30,18
1929,246,5,44
1930,188,45,16
1931,688,17,8
1932,616,34,12
1933,659,0,46
1934,103,9,17
1935,535,44,18
1936,624,25,40
1937,883,19,5
1938,381,45,32
1939,954,5,24
1940,891,29,41
1941,812,37,34
1942,393,28,33
1943,408,38,42
1944,433,31,21
1945,310,0,17
1946,20,47,41
1947,752,7,13
1948,502,47,3
1949,297,0,42
1950,984,5,13
1951,535,13,46
1952,441,33,3
1953,56,42,33
1954,311,47,28
1955,242,43,19
1956,678,35,2
1957,653,31,19
1958,351,29,24
1959,625,42,18
1960,631,22,28
1961,107,47,40
1962,512,35,10
1963,43,36,14
1964,18,20,14
1965,728,7,33
1966,99,13,3
1967,814,35,9
1968,960,34,18
1969,495,9,37
1970,481,42,18
1971,310,44,31
1972,596,1,10
1973,174,15,8
1974,378,4,26
1975,96,28,7
1976,882,37,14
1977,574,50,43
1978,124,12,14
1979,412,48,43
1980,462,45,20
1981,968,4,24
1982,87,4,15
1983,38,16,15
1984,469,26,16
1985,926,0,8
1986,951,31,16
1987,689,27,49
1988,470,30,27
1989,796,20,23
1990,51,8,28
1991,390,14,28
1992,411,7,45
1993,195,45,16
1994,653,38,31
1995,131,46,28
1996,155,45,14
1997,760,29,3
1998,808,0,9
1999,630,4,37
2000,907,17,1
2001,695,33,2
2002,876,3,19
2003,946,25,35
2004,877,26,38
2005,700,1,21
2006,328,26,13
2007,156,21,31
2008,470,3,32
2009,253,14,36
2010,986,8,26
2011,433,28,49
2012,914,34,50
2013,908,16,18
2014,559,26,19
2015,353,16,3
2016,532,9,36
2017,970,27,42
2018,934,21,23
2019,189,30,30
2020,815,36,34
2021,87,10,16
2022,224,6,4
2023,41,36,19
2024,29,8,39
2025,243,15,41
2026,280,35,18
2027,518,37,15
2028,73,17,14
2029,938,7,26
2030,543,34,4
2031,680,40,22
2032,957,15,45
2033,554,9,13
2034,382,42,7
2035,588,7,33
2036,764,15,9
2037,685,13,3
2038,295,7,48
2039,858,10,36
2040,347,47,42
2041,91,13,21
2042,555,27,21
2043,614,42,3
2044,54,43,8
2045,810,27,2
2046,341,32,15
2047,146,29,24
2048,748,4,3
2049,199,30,18
2050,787,47,38
2051,702,8,41
2052,600,41,18
2053,394,24,43
2054,329,27,3
2055,906,12,4
2056,671,6,44
2057,146,39,11
2058,95,7,6
2059,914,44,43
2060,912,3,42
2061,401,35,38
2062,794,10,40
2063,872,42,41
2064,818,22,32
2065,649,2,27
2066,970,33,46
2067,48,19,24
2068,97,15,23
2069,54,25,25
2070,246,12,3
2071,712,30,9
2072,620,31,42
2073,452,20,14
2074,622,2,41
2075,848,18,37
2076,784,1,37
2077,240,16,19
2078,821,29,6
2079,979,41,11
2080,107,36,42
2081,349,46,47
2082,619,45,38
2083,768,14,47
2084,681,43,35
2085,476,1,50
2086,861,25,5
2087,253,9,32
2088,10,38,41
2089,79,20,17
2090,999,3,34
2091,482,12,6
2092,449,26,44
2093,99,15,42
2094,811,1,26
2095,261,17,48
2096,953,15,19
2097,217,50,7
2098,176,46,30
2099,971,29,47
2100,22,24,35
2101,39,48,23
2102,193,14,21
2103,526,48,22
2104,531,14,1
2105,598,16,21
2106,256,35,50
2107,664,23,2
2108,967,19,6
2109,482,50,10
2110,698,31,24
2111,271,1,45
2112,340,47,2
2113,524,43,43
2114,113,47,9
2115,922,20,34
2116,582,20,2
2117,665,11,41
2118,258,49,8
2119,288,13,9
2120,891,21,33
2121,528,43,45
2122,436,39,22
2123,16,50,13
2124,868,39,15
2125,154,31,7
2126,229,7,26
2127,924,27,28
2128,880,9,9
2129,382,6,13
2130,152,30,31
2131,972,2,27
2132,593,25,27
2133,936,20,46
2134,592,29,31
2135,921,9,9
2136,780,14,14
2137,293,9,1
2138,255,29,22
2139,412,29,27
2140,180,0,28
2141,303,42,29
2142,490,1,23
2143,847,47,21
2144,119,12,28
2145,258,20,21
2146,93,39,23
2147,971,45,2
2148,811,47,9
2149,542,46,44
2150,46,12,38
2151,628,24,37
2152,173,43,29
2153,704,24,12
2154,726,9,45
2155,157,38,46
2156,949,17,6
2157,388,17,41
2158,902,44,5
2159,269,6,50
2160,137,11,3
2161,711,42,28
2162,506,26,31
2163,752,25,43
2164,526,10,38
2165,470,41,16
2166,91,40,19
2167,139,27,13
2168,276,29,28
2169,449,36,19
2170,758,6,23
2171,592,40,8
2172,611,42,4
2173,665,25,20
2174,655,5,5
2175,509,4,26
2176,505,3,42
2177,676,40,8
2178,501,41,34
2179,789,41,1
2180,171,50,23
2181,41,15,20
2182,389,35,4
2183,783,1,9
2184,866,29,14
2185,190,17,23
2186,340,35,25
2187,213,34,11
2188,693,2,2
2189,465,1,21
2190,590,9,10
2191,875,26,24
2192,481,44,10
2193,422,28,46
2194,723,4,29
2195,214,46,31
2196,572,39,35
2197,609,6,7
2198,613,43,11
2199,657,8,32
2200,502,40,42
2201,357,6,28
2202,674,3,15
2203,746,17,31
2204,133,19,5
2205,759,8,10
2206,278,1,45
2207,677,31,35
2208,820,36,21
2209,267,48,21
2210,644,29,49
2211,29,17,10
2212,852,1,14
2213,203,33,13
2214,601,13,29
2215,171,37,6
2216,741,13,32
2217,445,35,43
2218,328,18,15
2219,243,18,36
2220,62,34,23
2221,257,35,31
2222,17,50,27
2223,748,18,49
2224,716,21,26
2225,286,18,33
2226,525,36,4
2227,802,46,10
2228,884,24,22
2229,418,18,8
2230,713,6,6
2231,225,1,3
2232,699,20,12
2233,122,41,3
2234,108,46,42
2235,776,24,45
2236,207,17,22
2237,530,34,30
2238,961,30,7
2239,64,2,19
2240,181,25,21
2241,220,24,14
2242,600,29,35
2243,434,30,3
2244,845,34,25
2245,709,12,37
2246,518,16,25
2247,477,12,43
2248,958,38,3
2249,195,35,37
2250,956,34,34
2251,820,8,34
2252,380,49,47
2253,628,49,14
2254,244,38,23
2255,942,2,3
2256,839,19,17
2257,91,15,6
2258,726,45,13
2259,37,46,34
2260,374,15,39
2261,845,36,11
2262,143,37,22
2263,611,42,22
2264,618,33,15
2265,903,5,30
2266,410,28,16
2267,962,3,24
2268,143,0,30
2269,671,40,6
2270,388,48,9
2271,432,35,16
2272,17,0,48
2273,890,22,25
2274,507,43,25
2275,540,30,36
2276,48,5,10
2277,25,23,38
2278,385,2,7
2279,143,41,36
2280,689,16,25
2281,307,10,42
2282,870,0,3
2283,382,14,18
2284,422,37,27
2285,756,38,7
2286,888,36,18
2287,774,1,45
2288,283,40,36
2289,659,24,14
2290,203,2,50
2291,640,37,43
2292,595,49,25
2293,773,34,40
2294,102,40,49
2295,783,41,40
2296,586,34,24
2297,951,11,2
2298,236,4,2
2299,930,3,18
2300,658,9,46
2301,276,40,43
2302,371,28,38
2303,473,8,38
2304,487,18,50
2305,890,8,6
2306,340,32,47
2307,999,31,34
2308,661,29,29
2309,139,42,12
2310,283,15,13
2311,668,40,43
2312,576,11,15
2313,56,13,27
2314,304,42,23
2315,917,19,20
2316,703,29,50
2317,227,29,28
2318,197,10,27
2319,426,8,4
2320,999,43,16
2321,341,17,8
2322,781,31,8
2323,668,42,18
2324,951,37,6
2325,852,13,19
2326,376,19,8
2327,307,37,28
2328,223,28,45
2329,720,48,18
2330,962,6,30
2331,910,2,13
2332,958,25,29
2333,148,31,41
2334,485,9,11
2335,39,30,18
2336,567,32,11
2337,324,24,16
2338,602,36,29
2339,885,16,8
2340,224,42,11
2341,621,27,5
2342,871,29,17
2343,415,16,24
2344,932,49,37
2345,689,0,12
2346,949,13,10
2347,611,7,29
2348,895,9,29
2349,418,44,35
2350,741,43,40
2351,919,23,15
2352,198,45,2
2353,781,12,42
2354,117,10,13
2355,778,7,2
2356,928,31,10
2357,725,29,36
2358,439,19,32
2359,962,46,13
2360,667,31,20
2361,95,36,48
2362,470,38,9
2363,171,7,29
2364,933,45,33
2365,543,29,24
2366,260,4,17
2367,992,16,11
2368,608,35,39
2369,849,28,17
2370,158,31,41
2371,547,43,7
2372,892,47,50
2373,357,49,9
2374,441,28,17
2375,174,40,41
2376,794,41,29
2377,514,12,2
2378,945,29,24
2379,854,45,27
2380,119,22,46
2381,503,12,17
2382,181,11,43
2383,582,42,22
2384,240,44,42
2385,440,44,39
2386,657,12,36
2387,239,4,34
2388,105,3,49
2389,949,9,17
2390,772,12,20
2391,811,22,28
2392,364,12,26
2393,790,5,41
2394,172,15,25
2395,171,25,7
2396,667,30,49
2397,374,15,36
2398,255,23,16
2399,650,26,28
2400,737,29,49
2401,667,39,15
2402,711,28,39
2403,134,50,38
2404,835,50,22
2405,80,41,38
2406,712,22,20
2407,771,34,2
2408,277,14,10
2409,432,34,48
2410,37,17,4
2411,467,49,12
2412,600,48,6
2413,721,45,29
2414,897,39,39
2415,581,32,12
2416,47,8,29
2417,847,18,17
2418,32,40,8
2419,12,8,50
2420,415,47,2
2421,98,47,31
2422,773,48,29
2423,426,17,9
2424,997,19,24
2425,943,34,22
2426,451,21,38
2427,424,26,24
2428,348,41,36
2429,864,47,39
2430,223,23,5
2431,405,30,40
2432,924,46,15
2433,996,48,27
2434,400,50,44
2435,811,28,4
2436,279,7,13
2437,511,0,29
2438,206,26,9
2439,625,13,3
2440,960,37,31
2441,465,47,16
2442,177,32,9
2443,901,31,2
2444,165,18,33
2445,856,0,40
2446,241,12,47
2447,294,32,26
2448,138,43,35
2449,105,9,9
2450,69,17,43
2451,881,42,50
2452,320,19,38
2453,997,24,43
2454,573,6,41
2455,67,27,4
2456,902,48,37
2457,49,14,4
2458,484,6,49
2459,45,12,47
2460,533,45,33
2461,441,43,3
2462,930,35,28
2463,398,10,21
2464,547,20,2
2465,631,21,48
2466,814,33,46
2467,285,26,2
2468,826,2,24
2469,788,45,16
2470,728,28,34
2471,36,43,21
2472,157,40,21
2473,674,21,28
2474,378,4,37
2475,971,33,8
2476,981,4,5
2477,393,29,13
2478,821,6,10
2479,691,11,34
2480,704,30,15
2481,154,7,18
2482,175,24,7
2483,291,30,14
2484,359,11,34
2485,524,41,14
2486,541,1,44
2487,575,3,7
2488,119,33,37
2489,638,19,46
2490,761,6,4
2491,456,6,4
2492,448,48,9
2493,563,13,14
2494,369,18,21
2495,666,35,16
2496,936,0,1
2497,274,5,32
2498,648,33,30
2499,215,23,9
2500,595,39,40
2501,79,22,39
2502,64,48,12
2503,479,32,2
2504,160,38,49
2505,645,11,33
2506,999,22,14
2507,20,46,26
2508,500,19,1
2509,190,2,20
2510,608,17,24
2511,913,8,30
2512,438,40,36
2513,682,39,32
2514,93,44,20
2515,544,35,14
2516,43,50,23
2517,127,35,27
2518,680,20,40
2519,609,11,35
2520,204,12,27
2521,487,46,50
2522,17,13,5
2523,973,12,32
2524,649,9,15
2525,987,9,10
2526,923,37,26
2527,230,44,49
2528,120,34,49
2529,405,33,9
2530,115,21,33
2531,417,26,49
2532,970,27,40
2533,292,26,24
2534,895,25,39
2535,176,11,40
2536,145,31,26
2537,39,32,48
2538,586,0,21
2539,516,21,27
2540,725,40,4
2541,386,3,9
2542,665,43,42
2543,471,23,7
2544,804,26,34
2545,319,36,38
2546,779,36,32
2547,875,19,18
2548,223,32,28
2549,472,36,31
2550,301,36,22
2551,653,3,32
2552,708,25,2
2553,472,2,14
2554,89,16,7
2555,324,22,42
2556,389,19,39
2557,609,41,44
2558,830,7,18
2559,508,25,5
2560,215,50,28
2561,961,29,42
2562,589,18,49
2563,761,42,3
2564,92,48,44
2565,146,33,18
2566,995,14,26
2567,243,33,28
2568,873,46,11
2569,360,25,30
2570,972,43,17
2571,166,25,34
2572,354,12,47
2573,277,32,36
2574,988,44,17
2575,830,34,25
2576,677,41,9
2577,985,34,16
2578,321,4,37
2579,64,41,9
2580,729,26,19
2581,28,0,39
2582,838,32,11
2583,585,4,48
2584,903,38,28
2585,352,40,31
2586,660,16,5
2587,996,24,19
2588,950,40,2
2589,576,24,43
2590,667,17,33
2591,820,28,14
2592,148,31,44
2593,228,46,5
2594,461,20,40
2595,830,11,28
2596,573,3,16
2597,858,47,4
2598,385,49,29
2599,481,32,22
2600,451,26,5
2601,57,25,4
2602,426,3,49
2603,819,11,44
2604,80,1,1
2605,940,43,47
2606,357,49,32
2607,394,20,35
2608,530,20,6
2609,443,15,16
2610,797,23,42
2611,232,27,50
2612,186,24,41
2613,894,13,24
2614,995,40,45
2615,171,14,40
2616,439,10,4
2617,599,16,17
2618,363,41,27
2619,515,18,30
2620,552,0,5
2621,194,1,30
2622,38,36,38
2623,369,8,6
2624,323,30,46
2625,257,9,45
2626,193,18,33
2627,857,21,8
2628,149,30,21
2629,535,32,7
2630,129,25,47
2631,524,35,15
2632,352,20,42
2633,807,16,48
2634,70,8,20
2635,540,47,10
2636,42,2,24
2637,149,0,35
2638,922,38,6
2639,76,10,22
2640,429,17,48
2641,151,24,22
2642,474,0,3
2643,488,18,36
2644,695,19,18
2645,857,5,48
2646,531,48,6
2647,34,49,17
2648,242,34,47
2649,903,31,18
2650,604,31,43
2651,684,9,15
2652,489,47,34
2653,774,47,47
2654,874,17,38
2655,882,27,24
2656,667,12,21
2657,521,8,2
2658,763,26,34
2659,827,17,34
2660,20,28,6
2661,614,15,48
2662,826,15,24
2663,572,17,35
2664,992,3,21
2665,919,9,8
2666,363,11,9
2667,246,47,34
2668,30,10,27
2669,757,1,29
2670,236,22,47
2671,327,37,22
2672,215,4,40
2673,221,9,26
2674,58,31,16
2675,592,35,27
2676,503,20,43
2677,895,43,15
2678,759,39,22
2679,724,4,43
2680,800,18,50
2681,994,7,6
2682,185,17,38
2683,652,16,47
2684,671,47,6
2685,921,14,29
2686,472,48,34
2687,662,3,18
2688,584,20,5
2689,846,47,25
2690,966,13,12
2691,58,45,39
2692,447,21,44
2693,454,3,32
2694,708,32,18
2695,963,7,14
2696,820,33,21
2697,339,16,5
2698,469,19,13
2699,377,43,42
2700,945,32,23
2701,49,20,15
2702,362,28,16
2703,37,23,32
2704,760,12,40
2705,551,28,13
2706,620,41,43
2707,433,28,35
2708,346,29,24
2709,965,13,36
2710,577,39,42
2711,157,16,5
2712,581,31,32
2713,219,12,12
2714,266,28,31
2715,739,39,41
2716,341,32,14
2717,478,2,44
2718,678,7,13
2719,466,47,20
2720,677,16,31
2721,981,11,45
2722,804,14,17
2723,746,22,31
2724,345,31,36
2725,632,46,2
2726,623,0,25
2727,368,41,31
2728,136,18,48
2729,596,33,10
2730,796,20,32
2731,854,38,49
2732,10,48,8
2733,430,38,37
2734,933,35,5
2735,289,0,28
2736,558,25,21
2737,797,35,2
2738,481,12,20
2739,345,32,45
2740,406,42,42
2741,420,24,14
2742,616,38,1
2743,165,44,39
2744,606,46,23
2745,45,33,21
2746,503,5,18
2747,955,46,46
2748,475,7,30
2749,275,2,4
2750,511,4,18
2751,28,38,17
2752,349,35,43
2753,740,35,50
2754,632,46,3
2755,669,2,22
2756,128,19,7
2757,468,29,20
2758,493,48,29
2759,470,45,43
2760,35,39,9
2761,56,0,48
2762,269,14,12
2763,238,49,13
2764,817,0,27
2765,339,29,33
2766,263,26,39
2767,847,5,50
2768,808,29,26
2769,294,29,18
2770,447,0,48
2771,603,43,15
2772,343,34,29
2773,256,15,2
2774,850,3,25
2775,710,6,23
2776,979,5,21
2777,73,20,24
2778,180,32,41
2779,123,12,14
2780,788,26,26
2781,94,40,6
2782,838,46,18
2783,456,44,33
2784,370,37,34
2785,656,15,25
2786,525,15,50
2787,237,17,12
2788,646,38,10
2789,156,44,38
2790,269,5,46
2791,816,36,48
2792,630,41,5
2793,286,9,25
2794,95,24,50
2795,782,36,9
2796,648,25,40
2797,923,14,32
2798,146,14,5
2799,133,8,4
2800,870,2,43
2801,341,25,18
2802,173,0,2
2803,749,20,8
2804,908,13,49
2805,134,17,29
2806,656,18,16
2807,357,33,11
2808,289,12,42
2809,353,29,26
2810,375,26,32
2811,523,33,43
2812,233,19,23
2813,710,22,18
2814,787,50,34
2815,34,46,4
2816,103,13,8
2817,371,41,37
2818,991,24,22
2819,267,19,50
2820,538,26,40
2821,89,35,26
2822,761,3,19
2823,956,2,3
2824,367,17,48
2825,767,48,6
2826,718,24,38
2827,570,33,9
2828,575,6,34
2829,201,17,9
2830,842,48,25
2831,425,32,29
2832,722,8,29
2833,959,30,15
2834,827,20,28
2835,778,35,32
2836,619,30,12
2837,977,21,21
2838,644,27,11
2839,954,19,32
2840,197,28,46
2841,869,33,33
2842,338,46,42
2843,44,4,21
2844,358,40,46
2845,936,24,1
2846,586,6,40
2847,205,33,26
2848,490,48,32
2849,28,0,35
2850,217,45,41
2851,56,47,28
2852,284,31,35
2853,308,35,36
2854,892,15,9
2855,12,13,35
2856,759,27,48
2857,900,49,26
2858,14,22,11
2859,831,13,46
2860,914,45,49
2861,86,37,44
2862,879,36,42
2863,753,49,12
2864,837,8,42
2865,168,39,47
2866,741,33,15
2867,683,23,33
2868,959,41,24
2869,531,5,25
2870,893,12,3
2871,81,3,19
2872,170,34,32
2873,684,7,18
2874,989,15,37
2875,515,44,10
2876,176,45,48
2877,57,3,14
2878,300,27,11
2879,132,34,47
2880,301,14,27
2881,867,15,26
2882,483,35,3
2883,564,39,20
2884,809,24,39
2885,594,22,18
2886,390,1,29
2887,782,50,22
2888,903,13,38
2889,168,13,30
2890,687,19,32
2891,21,10,28
2892,457,45,30
2893,406,0,11
2894,503,15,47
2895,306,33,46
2896,489,15,31
2897,956,0,11
2898,402,46,49
2899,956,12,32
2900,615,16,49
2901,117,32,17
2902,865,14,23
2903,235,49,34
2904,508,48,36
2905,941,30,26
2906,191,31,9
2907,384,16,28
2908,676,40,36
2909,800,35,3
2910,257,31,35
2911,221,48,24
2912,964,11,11
2913,30,24,33
2914,606,32,28
2915,311,9,18
2916,876,39,40
2917,517,41,4
2918,221,43,33
2919,301,7,24
2920,135,17,30
2921,221,11,27
2922,718,48,14
2923,892,33,35
2924,140,0,10
2925,232,47,11
2926,905,34,26
2927,468,49,2
2928,476,28,33
2929,1000,6,34
2930,789,37,21
2931,403,30,8
2932,364,24,38
2933,809,30,13
2934,672,29,25
2935,829,38,3
2936,926,10,38
2937,601,35,32
2938,504,11,17
2939,143,43,25
2940,971,1,42
2941,798,5,13
2942,872,44,24
2943,537,13,1
2944,882,42,49
2945,915,22,21
2946,525,23,10
2947,561,29,26
2948,39,4,39
2949,615,39,36
2950,300,24,4
2951,87,9,47
2952,983,17,12
2953,540,48,30
2954,373,37,13
2955,608,49,9
2956,734,37,26
2957,469,14,31
2958,706,23,1
2959,418,47,44
2960,73,28,2
2961,777,14,30
2962,704,3,33
2963,448,16,7
2964,696,10,35
2965,914,14,46
2966,912,6,24
2967,391,31,38
2968,736,37,41
2969,705,30,5
2970,597,5,31
2971,530,50,25
2972,193,5,10
2973,71,20,1
2974,703,22,3
2975,385,29,33
2976,469,17,25
2977,941,23,49
2978,593,40,41
2979,881,9,31
2980,18,13,8
2981,245,48,27
2982,366,4,3
2983,130,17,24
2984,707,42,22
2985,890,50,5
2986,473,24,34
2987,471,22,44
2988,229,14,50
2989,252,17,7
2990,104,46,36
2991,488,36,37
2992,510,25,37
2993,842,20,7
2994,536,28,40
2995,926,49,40
2996,584,8,49
2997,379,13,41
2998,657,15,3
2999,285,46,6
3000,412,18,35
3001,415,13,47
3002,428,41,38
3003,889,40,48
3004,39,38,13
3005,752,10,13
3006,512,28,45
3007,176,22,33
3008,147,28,5
3009,223,26,14
3010,193,40,30
3011,926,14,30
3012,551,21,17
3013,948,34,45
3014,242,40,6
3015,278,25,7
3016,757,5,22
3017,658,31,37
3018,393,6,13
3019,421,11,47
3020,695,30,16
3021,674,25,39
3022,236,29,2
3023,341,26,33
3024,42,47,15
3025,32,18,19
3026,213,34,15
3027,372,19,44
3028,714,39,3
3029,657,34,26
3030,898,46,35
3031,848,27,26
3032,10,16,44
3033,497,9,50
3034,950,34,47
3035,225,4,29
3036,101,21,46
3037,611,18,46
3038,992,16,13
3039,106,12,41
3040,628,2,43
3041,519,32,32
3042,171,29,21
3043,298,13,38
3044,507,41,33
3045,191,8,13
3046,668,16,19
3047,850,0,33
3048,252,24,24
3049,208,45,31
3050,266,4,43
3051,755,20,41
3052,494,35,31
3053,888,50,18
3054,73,25,29
3055,672,33,47
3056,209,47,2
3057,312,27,46
3058,861,5,2
3059,755,27,29
3060,485,33,19
3061,108,5,46
3062,503,41,41
3063,121,20,45
3064,102,46,26
3065,640,15,1
3066,263,0,27
3067,242,13,29
3068,467,31,43
3069,767,34,35
3070,147,3,43
3071,331,37,38
3072,791,36,8
3073,838,32,18
3074,141,44,48
3075,229,28,47
3076,957,36,12
3077,49,45,12
3078,104,11,43
3079,66,21,49
3080,920,2,39
3081,162,23,8
3082,852,17,48
3083,138,0,26
3084,878,43,15
3085,123,50,49
3086,245,43,29
3087,48,28,39
3088,579,49,18
3089,339,9,29
3090,59,23,3
3091,474,8,8
3092,367,41,26
3093,169,27,15
3094,402,11,47
3095,614,20,6
3096,658,41,25
3097,507,42,5
3098,135,33,8
3099,761,23,37
3100,213,24,37
3101,883,35,14
3102,626,0,42
3103,907,17,26
3104,730,40,33
3105,871,24,50
3106,398,5,49
3107,630,29,14
3108,536,10,46
3109,360,26,42
3110,202,8,30
3111,460,19,38
3112,965,7,11
3113,513,23,33
3114,183,36,13
3115,204,9,10
3116,44,10,5
3117,117,31,19
3118,637,16,14
3119,660,38,1
3120,310,44,3
3121,332,2,31
3122,113,10,41
3123,444,31,12
3124,847,11,33
3125,845,1,4
3126,539,15,29
3127,112,15,44
3128,660,30,1
3129,759,23,17
3130,24,20,45
3131,196,23,34
3132,843,19,41
3133,126,48,11
3134,637,43,23
3135,713,17,41
3136,279,29,6
3137,284,24,32
3138,10,18,41
3139,320,47,48
3140,879,5,4
3141,970,16,38
3142,750,13,17
3143,945,40,3
3144,152,16,36
3145,518,35,8
3146,709,18,15
3147,760,48,45
3148,431,29,45
3149,360,13,39
3150,271,11,9
3151,115,3,27
3152,872,17,30
3153,914,49,21
3154,802,37,15
3155,384,34,22
3156,708,37,40
3157,321,14,35
3158,248,14,12
3159,714,32,47
3160,787,41,43
3161,755,41,13
3162,997,30,18
3163,359,43,47
3164,335,21,42
3165,248,36,49
3166,642,39,25
3167,47,44,21
3168,887,36,32
3169,316,49,27
3170,671,23,17
3171,797,21,21
3172,505,28,31
3173,574,29,24
3174,353,7,45
3175,273,7,13
3176,319,16,10
3177,279,50,17
3178,241,0,13
3179,333,20,34
3180,652,12,49
3181,61,34,12
3182,237,29,29
3183,64,32,18
3184,577,47,41
3185,69,35,6
3186,716,21,2
3187,317,9,12
3188,568,48,5
3189,949,11,4
3190,610,29,19
3191,77,30,2
3192,639,8,6
3193,554,13,7
3194,203,28,15
3195,823,17,36
3196,199,41,21
3197,153,47,15
3198,607,10,28
3199,74,20,26
3200,382,6,9
3201,347,18,3
3202,838,10,8
3203,758,21,30
3204,156,5,27
3205,307,36,48
3206,326,46,3
3207,492,45,9
3208,171,11,9
3209,62,19,8
3210,212,48,3
3211,880,49,26
3212,55,44,5
3213,588,5,38
3214,716,28,42
3215,749,16,1
3216,709,5,44
3217,861,18,30
3218,184,32,47
3219,909,43,7
3220,40,17,9
3221,365,4,34
3222,648,33,2
3223,710,10,39
3224,217,33,41
3225,67,30,10
3226,484,12,25
3227,435,0,2
3228,403,49,21
3229,891,26,48
3230,450,18,15
3231,728,18,10
3232,34,17,23
3233,623,35,27
3234,876,43,23
3235,484,29,30
3236,182,12,35
3237,467,13,23
3238,644,23,28
3239,757,28,21
3240,16,32,43
3241,887,0,30
3242,41,0,28
3243,541,3,21
3244,682,11,46
3245,47,16,31
3246,164,18,32
3247,704,31,22
3248,151,42,42
3249,729,2,48
3250,525,39,10
3251,64,44,31
3252,226,23,33
3253,39,37,43
3254,446,4,4
3255,190,46,19
3256,190,45,23
3257,473,44,38
3258,942,32,14
3259,472,31,39
3260,929,0,48
3261,315,5,19
3262,316,10,22
3263,332,20,43
3264,697,13,41
3265,854,31,39
3266,341,12,34
3267,660,0,16
3268,210,48,15
3269,99,42,26
3270,926,14,13
3271,437,34,26
3272,228,0,36
3273,671,35,20
3274,10,1,35
3275,878,11,10
3276,944,18,2
3277,530,3,3
3278,742,16,28
3279,458,4,41
3280,477,38,25
3281,48,25,23
3282,105,26,35
3283,607,24,38
3284,275,7,29
3285,34,7,42
3286,46,46,28
3287,389,5,44
3288,503,28,38
3289,292,16,47
3290,893,42,18
3291,864,21,41
3292,896,28,12
3293,60,49,10
3294,788,48,15
3295,439,12,31
3296,926,25,37
3297,490,4,40
3298,455,11,19
3299,172,50,49
3300,144,8,43
3301,782,31,33
3302,809,6,14
3303,956,44,49
3304,137,49,4
3305,301,9,23
3306,917,12,32
3307,493,7,31
3308,489,50,6
3309,900,45,19
3310,963,5,20
3311,797,32,20
3312,791,26,42
3313,73,7,48
3314,62,26,6
3315,520,0,43
3316,804,50,42
3317,528,5,39
3318,10,47,12
3319,150,26,21
3320,12,25,22
3321,694,48,26
3322,69,43,3
3323,640,22,35
3324,680,25,13
3325,181,28,30
3326,717,0,41
3327,231,7,10
3328,470,7,43
3329,190,35,28
3330,528,14,29
3331,450,33,41
3332,554,11,14
3333,18,5,17
3334,844,18,38
3335,264,4,40
3336,994,4,8
3337,712,17,5
3338,145,18,39
3339,347,50,43
3340,238,12,33
3341,393,0,26
3342,853,35,8
3343,702,49,23
3344,631,10,42
3345,50,18,31
3346,46,40,12
3347,706,41,41
3348,180,44,41
3349,220,22,21
3350,255,32,33
3351,277,18,40
3352,338,8,37
3353,319,47,40
3354,998,0,49
3355,356,37,45
3356,756,34,18
3357,114,25,18
3358,798,23,11
3359,555,39,24
3360,141,36,49
3361,846,50,26
3362,299,19,18
3363,910,41,17
3364,626,14,43
3365,163,46,18
3366,471,12,22
3367,636,19,38
3368,642,49,32
3369,518,50,13
3370,870,50,44
3371,360,32,18
3372,928,24,43
3373,502,10,35
3374,412,41,6
3375,217,24,50
3376,895,44,43
3377,168,38,48
3378,258,10,33
3379,712,33,31
3380,531,47,5
3381,517,0,16
3382,16,32,28
3383,49,19,39
3384,156,2,32
3385,781,47,34
3386,298,4,19
3387,756,11,20
3388,178,0,10
3389,994,34,47
3390,672,33,23
3391,194,9,44
3392,905,3,23
3393,331,3,14
3394,138,37,14
3395,925,37,44
3396,864,34,37
3397,380,47,21
3398,69,41,13
3399,43,31,3
3400,292,16,6
3401,176,25,36
3402,59,31,25
3403,964,3,29
3404,212,48,34
3405,581,38,12
3406,665,42,21
3407,632,38,6
3408,225,23,7
3409,718,10,15
3410,579,40,3
3411,790,22,6
3412,176,7,25
3413,331,40,10
3414,536,6,17
3415,399,37,1
3416,213,37,12
3417,740,43,13
3418,354,42,9
3419,911,36,42
3420,886,19,34
3421,343,21,48
3422,753,44,30
3423,475,31,37
3424,624,4,33
3425,345,35,6
3426,845,0,18
3427,732,0,31
3428,272,31,48
3429,160,27,31
3430,756,24,6
3431,176,16,25
3432,474,14,42
3433,419,23,19
3434,129,7,49
3435,95,36,19
3436,538,9,3
3437,127,3,32
3438,830,20,28
3439,958,44,10
3440,551,41,19
3441,810,37,44
3442,586,38,4
3443,225,22,7
3444,347,30,21
3445,643,21,16
3446,931,42,1
3447,679,47,15
3448,757,26,2
3449,956,20,41
3450,229,18,10
3451,992,8,11
3452,865,21,31
3453,594,4,5
3454,468,34,45
3455,206,31,28
3456,997,4,39
3457,588,15,24
3458,230,35,22
3459,565,14,13
3460,505,49,28
3461,107,45,25
3462,182,34,13
3463,143,33,21
3464,205,17,17
3465,208,37,2
3466,374,11,11
3467,497,32,24
3468,521,9,9
3469,941,11,1
3470,183,8,26
3471,207,15,8
3472,749,12,39
3473,302,15,30
3474,20,28,33
3475,619,28,9
3476,883,44,24
3477,952,31,13
3478,858,17,41
3479,850,42,48
3480,292,0,50
3481,801,18,43
3482,201,26,24
3483,458,18,34
3484,304,9,24
3485,455,41,12
3486,731,15,36
3487,500,9,10
3488,603,2,28
3489,482,22,3
3490,351,26,47
3491,47,34,30
3492,884,35,36
3493,123,40,8
3494,983,38,18
3495,748,39,44
3496,751,29,43
3497,861,33,22
3498,551,41,28
3499,311,33,27
3500,825,31,10
3501,574,19,30
3502,457,21,16
3503,267,0,16
3504,787,9,4
3505,481,28,25
3506,983,44,38
3507,715,7,18
3508,705,40,2
3509,407,10,4
3510,872,18,11
3511,188,31,30
3512,602,45,47
3513,83,31,35
3514,204,0,4
3515,558,29,48
3516,496,3,16
3517,519,47,33
3518,609,21,17
3519,308,33,33
3520,63,5,8
3521,60,50,7
3522,106,1,9
3523,91,46,33
3524,164,16,9
3525,159,41,49
3526,523,17,16
3527,372,12,38
3528,509,3,32
3529,96,21,21
3530,594,5,20
3531,114,21,42
3532,719,23,20
3533,657,10,23
3534,323,42,44
3535,769,1,26
3536,43,44,15
3537,142,22,4
3538,896,28,20
3539,660,48,46
3540,388,11,6
3541,712,32,18
3542,900,41,37
3543,525,1,22
3544,688,19,42
3545,821,12,39
3546,163,15,26
3547,742,44,31
3548,64,42,8
3549,508,11,24
3550,858,11,30
3551,743,30,33
3552,259,46,49
3553,231,29,46
3554,914,27,25
3555,108,48,13
3556,610,38,24
3557,624,8,47
3558,687,28,32
3559,214,9,48
3560,593,27,13
3561,561,22,23
3562,533,27,40
3563,264,44,27
3564,489,43,23
3565,558,8,31
3566,517,25,47
3567,104,14,8
3568,221,41,34
3569,598,23,44
3570,621,20,48
3571,757,43,10
3572,245,41,34
3573,764,35,12
3574,230,41,3
3575,141,15,5
3576,189,3,33
3577,636,2,6
3578,627,8,49
3579,606,3,36
3580,851,10,42
3581,560,35,4
3582,44,1,49
3583,77,39,15
3584,651,27,40
3585,296,7,44
3586,642,46,13
3587,529,43,4
3588,747,48,4
3589,640,1,25
3590,596,40,13
3591,441,3,44
3592,865,39,48
3593,708,41,14
3594,576,11,48
3595,100,4,2
3596,262,31,21
3597,615,16,28
3598,193,50,28
3599,12,14,25
3600,652,18,9
3601,715,45,35
3602,795,28,28
3603,390,8,34
3604,757,47,21
3605,210,32,16
3606,1000,17,1
3607,914,0,1
3608,739,18,12
3609,774,32,3
3610,319,13,13
3611,273,45,46
3612,536,2,5
3613,445,14,12
3614,822,44,8
3615,811,19,44
3616,184,50,18
3617,680,48,47
3618,329,24,31
3619,207,23,40
3620,991,22,37
3621,933,28,21
3622,297,21,33
3623,853,23,15
3624,804,14,46
3625,413,47,8
3626,559,1,39
3627,723,6,19
3628,439,8,35
3629,129,25,49
3630,525,11,31
3631,662,0,19
3632,438,31,2
3633,80,1,47
3634,887,39,43
3635,918,34,42
3636,445,39,17
3637,653,14,18
3638,118,11,33
3639,186,5,25
3640,855,8,47
3641,823,24,42
3642,630,12,8
3643,616,34,20
3644,499,21,46
3645,93,36,23
3646,276,38,19
3647,211,48,19
3648,669,34,45
3649,185,5,43
3650,723,36,40
3651,244,40,42
3652,797,34,31
3653,503,10,10
3654,772,8,8
3655,447,30,36
3656,607,23,34
3657,623,5,24
3658,504,30,29
3659,959,14,48
3660,800,39,44
3661,493,37,38
3662,921,35,18
3663,771,46,49
3664,537,3,26
3665,639,40,16
3666,730,7,3
3667,240,12,40
3668,153,21,25
3669,731,10,5
3670,899,19,3
3671,962,25,43
3672,25,36,15
3673,122,44,14
3674,763,28,43
3675,508,9,36
3676,77,1,29
3677,520,36,28
3678,851,10,27
3679,351,26,44
3680,250,47,41
3681,609,47,20
3682,183,6,18
3683,558,10,48
3684,237,5,32
3685,657,19,42
3686,543,50,16
3687,276,22,37
3688,475,40,25
3689,150,12,45
3690,486,1,16
3691,83,17,37
3692,241,23,2
3693,436,33,11
3694,895,29,25
3695,639,17,6
3696,175,33,42
3697,111,37,27
3698,142,1,37
3699,830,44,18
3700,630,44,45
3701,567,27,13
3702,711,45,31
3703,392,22,45
3704,649,3,22
3705,319,5,46
3706,185,15,11
3707,529,22,44
3708,713,21,49
3709,922,24,20
3710,570,4,9
3711,273,45,20
3712,18,46,26
3713,926,5,12
3714,409,41,33
3715,871,27,9
3716,650,3,8
3717,178,21,37
3718,423,16,39
3719,976,8,45
3720,421,49,41
3721,218,3,30
3722,216,7,1
3723,243,30,2
3724,759,20,41
3725,734,34,50
3726,449,50,16
3727,640,7,41
3728,21,22,38
3729,705,43,40
3730,467,3,10
3731,627,25,12
3732,356,11,32
3733,295,45,18
3734,98,48,44
3735,19,12,49
3736,998,41,45
3737,470,38,18
3738,222,42,12
3739,941,0,46
3740,157,13,43
3741,395,6,21
3742,311,22,16
3743,16,20,26
3744,768,23,48
3745,964,30,46
3746,741,33,14
3747,737,5,21
3748,229,45,41
3749,868,10,30
3750,859,47,1
3751,580,35,28
3752,394,38,46
3753,569,43,6
3754,318,5,6
3755,405,16,44
3756,758,35,41
3757,91,14,24
3758,894,27,40
3759,493,40,31
3760,412,30,37
3761,672,8,12
3762,428,40,17
3763,724,12,36
3764,721,10,37
3765,531,18,44
3766,975,4,34
3767,100,1,39
3768,463,7,21
3769,729,28,6
3770,921,24,24
3771,712,1,49
3772,719,33,39
3773,887,4,12
3774,643,21,35
3775,173,20,24
3776,551,46,24
3777,914,49,19
3778,409,6,16
3779,111,29,5
3780,202,28,45
3781,641,21,20
3782,235,28,50
3783,91,32,11
3784,797,3,38
3785,774,8,37
3786,272,20,13
3787,870,42,45
3788,72,38,6
3789,189,7,7
3790,739,37,41
3791,365,32,40
3792,533,33,11
3793,178,29,25
3794,589,14,46
3795,515,35,29
3796,19,17,27
3797,132,26,44
3798,162,10,9
3799,698,29,11
3800,347,43,27
3801,445,21,21
3802,625,33,50
3803,660,6,26
3804,95,19,7
3805,681,44,19
3806,447,31,32
3807,475,8,46
3808,678,19,2
3809,925,9,30
3810,13,25,29
3811,114,5,5
3812,743,24,50
3813,656,3,9
3814,824,30,47
3815,513,13,45
3816,279,20,37
3817,499,26,37
3818,280,44,44
3819,680,18,17
3820,19,8,37
3821,898,27,49
3822,107,19,3
3823,340,9,2
3824,623,20,16
3825,59,10,28
3826,884,32,26
3827,654,45,10
3828,159,48,1
3829,721,7,3
3830,906,43,41
3831,875,45,10
3832,155,25,32
3833,389,14,10
3834,51,2,39
3835,140,44,28
3836,916,20,22
3837,854,31,2
3838,143,46,8
3839,170,21,16
3840,877,26,31
3841,599,32,17
3842,152,19,34
3843,360,45,35
3844,128,47,29
3845,796,26,27
3846,285,45,24
3847,680,33,22
3848,280,26,14
3849,692,15,13
3850,730,13,19
3851,705,43,37
3852,598,15,34
3853,251,20,26
3854,597,40,6
3855,362,22,47
3856,292,38,24
3857,885,9,41
3858,686,50,45
3859,187,20,37
3860,529,28,19
3861,130,7,15
3862,163,24,47
3863,583,26,14
3864,574,7,16
3865,364,38,11
3866,885,36,41
3867,914,47,23
3868,697,20,9
3869,356,30,1
3870,22,31,40
3871,173,23,14
3872,933,32,41
3873,803,20,2
3874,53,39,3
3875,177,0,4
3876,57,49,28
3877,746,13,27
3878,25,26,32
3879,262,46,1
3880,591,45,19
3881,408,34,4
3882,885,23,19
3883,86,45,2
3884,88,33,15
3885,787,9,40
3886,388,20,31
3887,863,5,1
3888,555,16,29
3889,57,22,15
3890,970,8,22
3891,698,29,10
3892,20,46,31
3893,156,25,14
3894,340,42,31
3895,922,43,23
3896,401,32,17
3897,307,33,5
3898,199,40,18
3899,463,8,18
3900,576,27,10
3901,349,19,28
3902,36,12,18
3903,529,5,23
3904,97,46,36
3905,326,4,10
3906,957,27,30
3907,378,50,20
3908,526,1,49
3909,810,33,15
3910,977,41,33
3911,595,29,21
3912,210,36,17
3913,927,31,11
3914,186,3,33
3915,675,10,31
3916,320,21,31
3917,607,29,14
3918,98,28,20
3919,152,18,35
3920,460,5,29
3921,342,24,20
3922,938,43,7
3923,24,12,48
3924,351,41,6
3925,369,42,22
3926,471,9,21
3927,129,44,37
3928,299,44,45
3929,668,18,38
3930,318,39,30
3931,870,26,17
3932,356,39,32
3933,113,46,1
3934,527,49,43
3935,419,45,33
3936,489,27,39
3937,297,42,4
3938,795,27,19
3939,853,32,43
3940,212,6,5
3941,202,48,34
3942,681,42,6
3943,83,46,34
3944,72,34,37
3945,683,22,27
3946,381,7,26
3947,159,34,45
3948,875,20,43
3949,848,46,49
3950,265,40,48
3951,594,31,17
3952,561,41,17
3953,287,28,18
3954,752,46,22
3955,985,40,41
3956,349,20,4
3957,61,33,20
3958,117,43,32
3959,952,9,50
3960,89,3,17
3961,109,11,39
3962,624,49,23
3963,641,36,50
3964,613,4,42
3965,644,38,30
3966,840,28,45
3967,352,19,37
3968,409,9,24
3969,469,0,5
3970,985,47,14
3971,516,39,29
3972,122,17,22
3973,319,15,50
3974,21,26,49
3975,918,27,12
3976,429,21,36
3977,613,34,7
3978,553,6,30
3979,991,19,38
3980,842,13,39
3981,100,11,38
3982,731,11,41
3983,523,41,46
3984,417,14,28
3985,402,20,48
3986,408,42,5
3987,754,26,25
3988,42,50,31
3989,757,21,15
3990,177,29,47
3991,664,43,15
3992,754,30,25
3993,246,37,3
3994,310,29,9
3995,280,6,21
3996,297,40,15
3997,734,0,37
3998,547,5,18
3999,672,26,47
4000,637,48,32
4001,205,32,32
4002,307,21,21
4003,742,38,4
4004,352,28,26
4005,603,7,16
4006,668,25,38
4007,459,46,31
4008,759,46,29
4009,767,49,19
4010,608,42,31
4011,112,23,41
4012,655,0,23
4013,335,38,12
4014,931,12,21
4015,784,5,27
4016,758,48,17
4017,449,36,16
4018,529,0,21
4019,260,49,35
4020,998,33,17
4021,728,30,44
4022,823,39,26
4023,369,16,42
4024,449,27,49
4025,989,24,41
4026,218,15,50
4027,336,17,30
4028,165,10,34
4029,473,7,47
4030,89,32,4
4031,465,31,38
4032,272,13,48
4033,290,42,6
4034,619,12,44
4035,861,13,45
4036,103,41,7
4037,950,7,2
4038,572,43,24
4039,660,32,13
4040,816,23,38
4041,126,0,29
4042,791,22,8
4043,864,27,10
4044,285,26,5
4045,355,42,40
4046,762,33,46
4047,196,27,36
4048,775,50,32
4049,624,1,18
4050,318,29,19
4051,858,1,50
4052,545,48,27
4053,820,13,16
4054,295,0,42
4055,17,33,17
4056,425,12,25
4057,188,24,44
4058,575,27,49
4059,913,22,44
4060,46,0,8
4061,921,8,10
4062,655,4,33
4063,118,11,20
4064,405,21,18
4065,24,30,39
4066,529,45,14
4067,937,19,5
4068,449,38,39
4069,357,27,42
4070,803,40,27
4071,63,32,1
4072,438,29,2
4073,853,32,37
4074,20,13,30
4075,284,49,39
4076,495,5,9
4077,999,44,20
4078,268,50,15
4079,436,7,13
4080,505,12,30
4081,990,41,47
4082,788,38,25
4083,930,37,47
4084,202,4,20
4085,614,15,23
4086,374,43,40
4087,353,8,12
4088,872,45,15
4089,969,28,8
4090,17,6,2
4091,187,33,36
4092,797,16,2
4093,940,38,50
4094,321,35,1
4095,788,30,50
4096,127,47,44
4097,971,44,20
4098,623,3,26
4099,653,4,18
4100,414,10,4
4101,697,39,20
4102,104,10,32
4103,894,15,3
4104,417,36,13
4105,781,35,17
4106,939,48,40
4107,647,50,20
4108,759,33,2
4109,457,23,6
4110,347,11,8
4111,255,30,46
4112,116,44,23
4113,637,0,19
4114,219,15,4
4115,13,28,30
4116,903,29,9
4117,658,36,41
4118,944,5,39
4119,536,6,5
4120,536,43,16
4121,920,38,5
4122,283,49,35
4123,896,4,41
4124,378,20,16
4125,607,13,32
4126,169,31,17
4127,546,4,13
4128,198,24,5
4129,176,8,36
4130,392,17,14
4131,746,32,33
4132,588,21,9
4133,485,15,9
4134,784,42,4
4135,525,35,47
4136,447,12,44
4137,445,6,15
4138,777,5,47
4139,181,50,24
4140,346,20,22
4141,732,41,42
4142,748,1,38
4143,532,8,45
4144,259,20,20
4145,405,36,9
4146,914,13,24
4147,906,16,18
4148,530,5,20
4149,136,49,44
4150,636,28,35
4151,154,32,6
4152,684,14,16
4153,952,46,45
4154,365,1,1
4155,690,23,30
4156,162,6,27
4157,146,5,28
4158,850,21,21
4159,397,24,32
4160,325,46,23
4161,83,43,37
4162,390,13,41
4163,913,43,32
4164,865,9,17
4165,129,24,28
4166,15,41,48
4167,935,15,27
4168,624,23,25
4169,112,25,9
4170,30,26,23
4171,989,9,15
4172,142,35,2
4173,927,0,4
4174,998,46,34
4175,265,29,44
4176,979,11,24
4177,293,9,5
4178,267,6,20
4179,963,27,27
4180,290,19,4
4181,11,36,46
4182,21,50,29
4183,363,37,32
4184,962,33,34
4185,932,28,8
4186,125,18,1
4187,818,20,47
4188,489,38,15
4189,248,13,39
4190,216,26,6
4191,29,33,3
4192,649,39,20
4193,822,15,17
4194,117,18,9
4195,816,26,33
4196,615,45,11
4197,790,46,32
4198,611,9,50
4199,17,15,4
4200,165,18,5
4201,787,42,6
4202,191,39,40
4203,72,41,10
4204,911,27,2
4205,833,5,38
4206,105,28,22
4207,230,39,9
4208,819,1,50
4209,787,28,19
4210,576,29,20
4211,777,21,1
4212,867,50,29
4213,14,18,46
4214,61,28,23
4215,38,1,10
4216,651,21,42
4217,900,30,38
4218,867,42,12
4219,277,36,6
4220,421,28,48
4221,744,8,7
4222,369,47,7
4223,998,27,33
4224,542,34,44
4225,602,31,45
4226,572,31,47
4227,124,18,25
4228,45,38,46
4229,426,36,6
4230,863,4,40
4231,356,20,26
4232,659,13,19
4233,594,12,6
4234,74,11,16
4235,542,12,12
4236,294,33,8
4237,84,12,12
4238,194,32,43
4239,382,19,42
4240,675,7,23
4241,103,42,9
4242,278,15,29
4243,688,40,27
4244,590,27,39
4245,88,31,24
4246,819,35,26
4247,73,18,9
4248,518,25,23
4249,806,44,6
4250,978,38,46
4251,77,9,37
4252,480,18,25
4253,272,47,41
4254,426,43,16
4255,469,29,20
4256,412,36,31
4257,403,34,43
4258,921,40,8
4259,100,12,15
4260,125,24,32
4261,226,20,50
4262,697,45,8
4263,193,1,17
4264,516,4,41
4265,920,12,6
4266,822,0,22
4267,70,3,34
4268,806,27,34
4269,825,27,42
4270,765,30,29
4271,835,15,21
4272,572,41,12
4273,528,24,5
4274,149,29,49
4275,133,18,34
4276,363,18,47
4277,126,17,10
4278,168,37,8
4279,734,8,5
4280,379,32,19
4281,638,43,36
4282,606,8,12
4283,297,36,7
4284,374,34,40
4285,460,2,30
4286,858,11,19
4287,593,6,26
4288,754,50,8
4289,257,40,5
4290,858,37,3
4291,65,36,10
4292,997,40,46
4293,717,26,5
4294,693,12,21
4295,785,11,35
4296,377,25,35
4297,464,18,35
4298,849,20,28
4299,161,36,33
4300,772,43,2
4301,571,34,36
4302,587,30,6
4303,334,24,8
4304,856,34,31
4305,90,39,32
4306,64,4,20
4307,243,44,23
4308,368,49,4
4309,187,35,13
4310,340,17,5
4311,465,12,12
4312,114,33,25
4313,259,46,49
4314,818,36,50
4315,403,36,11
4316,212,1,16
4317,214,43,4
4318,14,23,28
4319,805,33,41
4320,959,42,11
4321,111,2,28
4322,890,46,15
4323,673,45,17
4324,862,18,16
4325,388,49,50
4326,667,45,15
4327,378,4,29
4328,244,7,20
4329,419,35,41
4330,577,22,8
4331,648,25,23
4332,987,8,6
4333,59,13,40
4334,563,8,50
4335,45,39,47
4336,622,1,26
4337,126,4,23
4338,775,24,10
4339,61,19,28
4340,632,22,31
4341,946,37,9
4342,730,25,29
4343,247,29,34
4344,427,35,16
4345,650,27,32
4346,873,15,12
4347,785,38,33
4348,17,34,50
4349,483,23,25
4350,26,14,13
4351,666,1,29
4352,534,47,17
4353,954,40,14
4354,479,5,39
4355,738,30,1
4356,783,17,47
4357,517,42,37
4358,359,39,36
4359,154,23,36
4360,185,44,1
4361,642,41,3
4362,574,3,34
4363,512,18,41
4364,901,44,20
4365,416,11,22
4366,111,36,34
4367,571,42,8
4368,402,47,20
4369,839,13,19
4370,576,28,6
4371,783,17,21
4372,183,4,43
4373,652,17,39
4374,792,9,44
4375,493,27,27
4376,486,35,25
4377,652,13,24
4378,926,40,29
4379,237,41,38
4380,248,23,8
4381,180,20,33
4382,246,40,1
4383,980,19,18
4384,702,36,16
4385,38,34,13
4386,107,3,43
4387,927,19,43
4388,69,49,40
4389,723,4,34
4390,730,29,21
4391,887,0,33
4392,655,44,31
4393,287,43,14
4394,567,28,15
4395,609,9,47
4396,607,12,19
4397,875,47,8
4398,755,14,31
4399,675,43,17
4400,328,35,5
4401,757,2,3
4402,491,39,20
4403,517,14,40
4404,480,12,9
4405,752,9,26
4406,594,28,15
4407,849,7,20
4408,485,41,44
4409,864,35,4
4410,391,10,8
4411,892,35,31
4412,25,29,36
4413,25,5,7
4414,345,30,40
4415,746,20,14
4416,31,33,38
4417,339,19,30
4418,711,46,28
4419,260,3,22
4420,565,26,7
4421,103,49,2
4422,237,44,18
4423,414,44,26
4424,327,34,21
4425,739,6,44
4426,845,16,35
4427,69,35,40
4428,846,34,30
4429,649,13,34
4430,285,41,44
4431,476,38,4
4432,473,7,4
4433,450,18,6
4434,981,39,31
4435,668,45,10
4436,274,47,29
4437,289,35,5
4438,341,18,49
4439,648,6,1
4440,151,0,23
4441,262,16,14
4442,74,39,4
4443,533,45,49
4444,17,14,25
4445,534,6,44
4446,194,47,37
4447,824,49,24
4448,176,33,23
4449,316,10,18
4450,451,30,29
4451,337,9,45
4452,582,33,44
4453,501,16,49
4454,413,43,4
4455,548,21,18
4456,330,22,22
4457,707,36,2
4458,837,22,42
4459,519,32,2
4460,643,15,32
4461,11,0,36
4462,151,13,28
4463,384,5,4
4464,498,4,12
4465,79,7,20
4466,272,9,45
4467,280,13,41
4468,295,2,46
4469,562,22,11
4470,13,32,11
4471,213,34,29
4472,292,19,46
4473,576,9,33
4474,504,30,30
4475,303,8,11
4476,274,13,27
4477,157,1,49
4478,522,31,48
4479,20,44,26
4480,968,33,45
4481,224,20,30
4482,776,27,36
4483,936,2,41
4484,777,46,19
4485,755,10,3
4486,288,48,16
4487,238,49,3
4488,682,1,47
4489,643,40,34
4490,616,4,35
4491,626,27,22
4492,903,23,50
4493,865,48,28
4494,120,12,36
4495,895,3,37
4496,340,7,7
4497,164,17,25
4498,712,10,44
4499,178,17,16
4500,592,41,35
4501,468,39,7
4502,317,38,43
4503,313,4,17
4504,383,7,22
4505,311,35,41
4506,379,25,26
4507,187,44,36
4508,163,24,6
4509,871,9,35
4510,281,7,38
4511,165,29,19
4512,869,15,6
4513,998,7,47
4514,440,18,12
4515,555,20,19
4516,817,37,42
4517,622,43,24
4518,912,22,26
4519,54,18,29
4520,538,46,18
4521,942,19,33
4522,377,19,13
4523,589,13,42
4524,709,9,46
4525,409,41,16
4526,840,41,39
4527,732,33,36
4528,100,18,48
4529,157,18,44
4530,410,41,31
4531,190,15,21
4532,38,31,29
4533,87,15,20
4534,501,9,16
4535,126,35,45
4536,941,21,25
4537,709,42,32
4538,756,46,18
4539,119,36,22
4540,28,22,40
4541,558,29,16
4542,57,6,21
4543,379,31,31
4544,695,46,16
4545,251,18,11
4546,169,48,22
4547,980,31,48
4548,709,18,26
4549,794,50,34
4550,666,41,21
4551,240,49,39
4552,284,9,8
4553,323,41,49
4554,62,25,11
4555,532,11,32
4556,980,18,42
4557,173,3,49
4558,345,2,18
4559,834,44,6
4560,205,18,18
4561,888,19,2
4562,263,39,12
4563,382,32,29
4564,728,3,50
4565,95,50,28
4566,59,22,22
4567,245,29,47
4568,235,12,24
4569,568,1,38
4570,154,33,6
4571,770,17,38
4572,441,6,11
4573,193,16,22
4574,142,39,40
4575,620,23,16
4576,636,35,19
4577,919,11,41
4578,607,39,4
4579,833,44,32
4580,222,22,43
4581,98,23,12
4582,938,36,49
4583,605,22,12
4584,496,1,12
4585,122,18,18
4586,920,22,23
4587,770,17,12
4588,442,31,34
4589,349,26,24
4590,83,35,24
4591,168,1,1
4592,733,11,33
4593,165,41,28
4594,565,49,47
4595,998,7,8
4596,957,36,15
4597,645,11,23
4598,593,29,32
4599,658,6,20
4600,888,30,29
4601,877,28,23
4602,425,47,48
4603,980,32,6
4604,197,25,14
4605,70,6,33
4606,430,15,36
4607,903,47,28
4608,622,22,2
4609,181,44,1
4610,152,9,20
4611,512,3,43
4612,147,24,33
4613,630,11,20
4614,843,23,16
4615,987,25,27
4616,605,11,18
4617,584,11,47
4618,591,3,46
4619,897,17,3
4620,106,12,39
4621,682,47,26
4622,646,42,5
4623,376,33,23
4624,459,5,4
4625,126,9,45
4626,682,10,15
4627,666,15,9
4628,689,27,34
4629,254,24,49
4630,609,40,26
4631,367,14,34
4632,411,19,37
4633,887,15,29
4634,93,42,44
4635,147,2,15
4636,183,6,39
4637,549,18,44
4638,264,3,10
4639,425,13,31
4640,572,36,12
4641,408,5,35
4642,892,10,23
4643,612,5,15
4644,58,36,33
4645,188,21,35
4646,847,32,22
4647,201,27,33
4648,387,33,16
4649,813,11,43
4650,215,13,44
4651,476,6,37
4652,599,35,26
4653,256,32,38
4654,33,35,40
4655,356,27,17
4656,760,8,48
4657,933,4,20
4658,561,40,5
4659,665,50,41
4660,19,19,34
4661,253,26,36
4662,953,19,8
4663,267,42,42
4664,194,13,17
4665,777,45,9
4666,380,49,36
4667,14,19,38
4668,209,18,49
4669,65,19,12
4670,154,37,38
4671,300,49,9
4672,518,16,11
4673,851,38,6
4674,210,9,18
4675,993,50,14
4676,663,3,2
4677,15,35,19
4678,822,45,29
4679,519,17,14
4680,867,21,9
4681,893,39,25
4682,254,19,45
4683,783,43,4
4684,211,38,13
4685,246,44,38
4686,550,32,21
4687,348,45,27
4688,205,27,40
4689,870,10,13
4690,66,41,22
4691,132,24,28
4692,312,13,46
4693,661,30,32
4694,151,5,20
4695,402,27,44
4696,234,48,44
4697,546,14,15
4698,885,10,38
4699,985,23,25
4700,312,10,49
4701,984,5,17
4702,721,43,2
4703,594,32,41
4704,430,6,5
4705,267,20,21
4706,557,6,15
4707,336,20,20
4708,173,19,20
4709,483,19,22
4710,719,5,30
4711,988,32,8
4712,365,10,11
4713,355,7,45
4714,44,50,36
4715,214,29,16
4716,715,33,11
4717,799,46,21
4718,330,5,25
4719,667,16,19
4720,457,21,34
4721,943,49,21
4722,710,26,20
4723,725,16,44
4724,526,41,4
4725,532,15,34
4726,830,46,42
4727,733,11,16
4728,961,27,43
4729,794,35,3
4730,555,25,43
4731,385,33,29
4732,766,20,3
4733,352,25,26
4734,76,18,1
4735,786,13,37
4736,581,8,28
4737,208,12,45
4738,245,36,25
4739,110,31,15
4740,448,3,5
4741,298,21,13
4742,119,32,13
4743,603,31,8
4744,382,8,13
4745,562,13,29
4746,728,23,25
4747,494,13,7
4748,856,45,17
4749,797,16,22
4750,818,46,35
4751,559,31,33
4752,696,6,44
4753,728,50,42
4754,699,6,46
4755,867,44,29
4756,515,47,29
4757,329,22,26
4758,711,12,6
4759,14,35,49
4760,912,26,34
4761,567,36,8
4762,521,20,2
4763,813,19,14
4764,341,17,2
4765,399,44,45
4766,63,48,27
4767,803,39,31
4768,557,41,43
4769,655,0,9
4770,167,28,42
4771,973,11,46
4772,684,39,17
4773,274,30,34
4774,785,28,42
4775,237,42,41
4776,765,33,38
4777,269,44,12
4778,152,18,46
4779,676,13,2
4780,255,29,26
4781,307,7,4
4782,442,10,2
4783,966,26,11
4784,457,4,50
4785,539,9,19
4786,785,49,2
4787,353,48,45
4788,493,7,6
4789,897,34,40
4790,249,41,31
4791,189,4,36
4792,915,26,8
4793,218,16,29
4794,258,11,22
4795,411,20,40
4796,784,38,3
4797,597,22,9
4798,529,42,44
4799,267,15,36
4800,150,40,38
4801,649,36,11
4802,955,23,6
4803,373,38,23
4804,832,10,40
4805,267,20,17
4806,439,38,40
4807,257,18,45
4808,887,50,8
4809,320,9,43
4810,986,16,10
4811,805,20,41
4812,386,34,36
4813,789,47,13
4814,62,28,23
4815,724,30,19
4816,430,40,35
4817,725,29,18
4818,231,18,22
4819,659,43,33
4820,871,4,4
4821,206,1,4
4822,524,6,9
4823,716,22,45
4824,763,29,21
4825,408,37,13
4826,616,28,26
4827,205,43,27
4828,643,43,7
4829,329,26,30
4830,798,22,41
4831,458,30,1
4832,213,36,19
4833,644,16,8
4834,894,26,29
4835,70,6,46
4836,727,32,11
4837,260,5,23
4838,612,50,3
4839,52,4,28
4840,345,40,23
4841,51,29,34
4842,476,46,1
4843,524,44,27
4844,73,0,18
4845,404,34,3
4846,890,32,42
4847,178,9,30
4848,141,26,6
4849,929,24,24
4850,370,19,42
4851,299,45,33
4852,288,29,38
4853,287,38,17
4854,45,37,38
4855,450,36,48
4856,314,8,22
4857,240,43,7
4858,27,38,22
4859,61,9,48
4860,685,2,47
4861,693,35,3
4862,288,12,37
4863,821,42,43
4864,413,10,13
4865,782,10,28
4866,419,19,3
4867,41,24,47
4868,931,44,23
4869,32,37,50
4870,611,35,48
4871,822,34,30
4872,379,21,21
4873,390,30,32
4874,213,36,16
4875,559,28,49
4876,575,38,22
4877,435,44,40
4878,601,35,46
4879,119,29,1
4880,509,31,13
4881,589,16,45
4882,834,34,50
4883,421,47,46
4884,324,26,34
4885,362,37,6
4886,574,1,33
4887,607,4,37
4888,174,17,42
4889,628,36,19
4890,895,23,39
4891,607,28,4
4892,857,25,33
4893,638,27,31
4894,917,30,47
4895,442,14,17
4896,449,28,31
4897,377,2,22
4898,105,2,7
4899,623,41,27
4900,967,7,31
4901,323,2,32
4902,396,38,10
4903,368,39,34
4904,75,6,2
4905,520,23,39
4906,715,43,6
4907,306,36,36
4908,585,12,14
4909,660,31,31
4910,536,38,1
4911,500,8,48
4912,502,29,46
4913,564,25,2
4914,769,13,13
4915,533,6,10
4916,907,33,11
4917,50,34,47
4918,135,3,36
4919,37,41,39
4920,526,6,33
4921,557,2,4
4922,75,1,15
4923,304,6,48
4924,156,2,43
4925,190,10,8
4926,479,37,30
4927,719,43,15
4928,105,50,17
4929,132,3,28
4930,680,15,48
4931,19,40,8
4932,672,21,49
4933,273,5,17
4934,886,23,43
4935,432,4,34
4936,919,38,37
4937,599,29,30
4938,323,8,4
4939,319,31,38
4940,319,44,12
4941,201,32,47
4942,21,18,4
4943,639,37,9
4944,568,43,8
4945,388,35,25
4946,820,46,13
4947,657,14,21
4948,889,24,7
4949,287,2,9
4950,119,2,49
4951,976,34,17
4952,770,34,49
4953,389,29,21
4954,37,35,38
4955,821,28,4
4956,648,35,17
4957,280,1,35
4958,93,25,10
4959,290,14,49
4960,36,13,11
4961,427,36,27
4962,312,38,47
4963,841,2,37
4964,278,42,39
4965,628,19,46
4966,330,47,21
4967,347,31,42
4968,424,15,47
4969,150,3,19
4970,266,45,17
4971,388,0,46
4972,441,47,43
4973,995,34,4
4974,502,43,37
4975,896,3,28
4976,732,35,19
4977,435,41,37
4978,457,7,36
4979,956,48,13
4980,72,19,11
4981,418,2,17
4982,905,15,15
4983,675,6,50
4984,316,35,23
4985,526,3,33
4986,285,5,19
4987,555,6,17
4988,927,3,9
4989,68,30,7
4990,774,19,20
4991,826,4,2
4992,522,25,28
4993,518,5,2
4994,834,9,13
4995,12,8,43
4996,40,17,29
4997,293,14,33
4998,564,26,13
4999,908,8,2
