流id,流带宽,进入设备时间,发送流所需时间
0,1980,0,796
1,4861,45,200
2,2807,4,379
3,7023,98,683
4,4218,2,636
5,2666,11,779
6,1037,82,932
7,3201,82,888
8,3132,24,321
9,6868,79,689
10,6051,75,15
11,1810,71,487
12,5178,91,355
13,3468,77,5
14,1439,56,28
15,7379,62,607
16,8989,17,740
17,5740,100,290
18,4121,87,450
19,5916,27,407
20,1444,74,63
21,3277,80,80
22,8291,77,632
23,7146,93,821
24,3486,37,959
25,7009,1,798
26,9251,91,918
27,4951,28,122
28,2751,82,994
29,8338,40,257
30,8432,18,391
31,4966,43,444
32,5791,53,535
33,6338,18,869
34,1971,34,961
35,5687,60,244
36,8153,5,781
37,6797,78,457
38,2796,74,896
39,7320,70,762
40,4129,63,638
41,1196,74,352
42,2321,95,991
43,1165,64,885
44,2905,36,114
45,5492,8,37
46,5714,79,336
47,7537,23,600
48,5588,31,560
49,6623,50,495
50,1623,64,397
51,6574,50,481
52,8156,17,802
53,3465,75,510
54,4229,70,230
55,8042,16,804
56,7672,44,407
57,8165,33,860
58,4742,57,533
59,5547,38,409
60,8258,60,391
61,3481,78,808
62,1600,93,968
63,4916,16,369
64,1160,96,338
65,6376,50,183
66,7888,19,791
67,7160,58,303
68,2183,12,112
69,2040,17,964
70,9272,94,574
71,4264,16,36
72,5680,92,600
73,3795,80,322
74,4766,39,540
75,2264,54,867
76,2725,41,698
77,7937,76,496
78,1406,0,668
79,5966,27,992
80,5540,83,199
81,8710,18,236
82,8570,92,323
83,1670,10,619
84,2175,92,52
85,3776,74,115
86,3207,12,122
87,1239,23,745
88,6419,5,505
89,2637,25,665
90,5859,75,758
91,5299,9,652
92,2342,58,792
93,1562,33,932
94,2878,28,749
95,3118,59,626
96,6381,4,964
97,4431,92,758
98,4750,62,995
99,2172,56,812
100,2495,86,511
101,4794,3,963
102,5671,11,846
103,1433,7,321
104,6075,40,968
105,6729,61,647
106,7370,9,206
107,4283,89,346
108,3408,10,739
109,9948,88,988
110,4804,7,376
111,8650,80,487
112,9166,14,994
113,3946,55,179
114,5081,65,764
115,3563,38,570
116,8824,42,541
117,1675,97,417
118,1938,94,476
119,3650,10,859
120,5420,25,133
121,1054,95,996
122,3436,76,463
123,2167,13,484
124,4221,27,63
125,3101,14,943
126,4978,41,455
127,1219,32,214
128,9568,45,486
129,9398,39,2
130,1373,65,287
131,2090,42,324
132,4310,86,784
133,1443,93,598
134,2746,68,96
135,1483,77,902
136,6185,84,45
137,7125,58,8
138,6812,37,421
139,3966,17,370
140,2153,60,333
141,1884,54,227
142,6275,43,85
143,4597,72,310
144,9672,75,521
145,7338,36,707
146,3509,15,680
147,2095,23,921
148,2924,16,156
149,5234,80,343
150,7212,94,893
151,3674,45,42
152,6493,99,787
153,1811,63,591
154,9695,74,874
155,8287,57,601
156,9615,63,226
157,3761,15,23
158,8156,5,845
159,2586,87,814
160,6489,79,56
161,6398,28,348
162,2805,20,802
163,9386,85,223
164,4518,16,668
165,2357,98,349
166,4025,39,213
167,2326,59,590
168,8770,36,681
169,6480,4,35
170,5702,61,738
171,8305,2,818
172,5433,33,968
173,4554,37,635
174,3733,87,850
175,7608,82,900
176,6084,21,204
177,2960,8,532
178,2294,31,80
179,2673,70,854
180,5269,32,715
181,4044,83,997
182,6365,53,780
183,2270,100,943
184,7573,56,203
185,1202,87,745
186,2861,6,103
187,5667,27,530
188,2978,88,234
189,1959,85,230
190,7979,72,575
191,1917,87,321
192,1262,99,65
193,2222,80,18
194,8485,95,493
195,1476,31,724
196,6046,9,827
197,6582,71,103
198,4420,15,52
199,2202,16,335
200,1175,90,802
201,2353,92,385
202,1038,15,524
203,9628,58,866
204,5919,75,827
205,9446,98,206
206,2632,88,535
207,2969,19,842
208,7618,43,475
209,6249,42,622
210,7644,8,859
211,6185,84,849
212,4154,78,496
213,5913,23,819
214,6511,45,977
215,4656,0,122
216,2716,65,964
217,3819,40,778
218,6318,48,845
219,2724,3,400
220,2504,68,270
221,2094,51,563
222,4328,20,646
223,4627,70,848
224,6361,50,291
225,2959,80,957
226,8318,74,431
227,6648,82,876
228,6326,97,621
229,7614,19,694
230,4546,35,742
231,6839,44,73
232,8631,42,650
233,6369,62,43
234,9822,4,339
235,8672,17,827
236,2323,87,23
237,7567,9,875
238,6278,44,973
239,9761,65,776
240,5536,82,381
241,1711,66,969
242,5391,85,570
243,4623,85,523
244,6844,99,172
245,1563,100,193
246,6840,72,597
247,8071,80,658
248,3331,82,431
249,3856,17,34
250,5073,87,684
251,1512,35,403
252,2889,67,376
253,9479,60,894
254,7859,23,257
255,1691,5,722
256,3377,55,748
257,4297,46,670
258,4600,27,112
259,1830,43,790
260,3758,94,569
261,7470,21,58
262,5404,83,609
263,2454,20,493
264,4258,24,471
265,4287,78,479
266,1675,12,328
267,8811,11,309
268,3325,11,364
269,8838,99,986
270,2445,43,963
271,3089,60,949
272,4528,99,747
273,8450,0,53
274,2062,60,579
275,4852,41,788
276,5409,54,111
277,2463,36,911
278,4393,67,487
279,1779,96,776
280,4713,15,44
281,6334,18,881
282,4136,90,92
283,9264,61,98
284,8795,79,590
285,8410,36,502
286,9076,38,808
287,3111,47,720
288,8559,28,69
289,1219,1,452
290,8091,6,80
291,7662,31,715
292,3479,3,889
293,9078,35,769
294,4003,0,23
295,5125,15,195
296,5529,50,362
297,8164,16,423
298,6152,91,218
299,6367,34,287
300,3110,77,282
301,2162,79,755
302,3061,87,810
303,4079,44,666
304,6097,4,405
305,2402,1,450
306,6882,22,913
307,6678,45,923
308,5819,75,377
309,5536,14,869
310,1914,72,231
311,3068,39,988
312,4742,94,555
313,5879,89,175
314,2905,7,358
315,3085,59,109
316,7160,83,809
317,1398,50,77
318,3491,44,275
319,5142,81,66
320,4738,19,126
321,4613,4,318
322,5943,74,768
323,6353,71,194
324,1897,84,955
325,3349,90,348
326,1660,80,552
327,6350,54,994
328,5499,21,962
329,1655,94,161
330,4036,30,393
331,9994,32,570
332,2597,97,208
333,9428,0,806
334,1296,24,856
335,4652,18,374
336,4636,45,339
337,6333,42,688
338,2235,21,177
339,9318,69,272
340,4618,90,425
341,4684,99,907
342,5067,83,685
343,3250,28,181
344,3187,53,955
345,5411,22,332
346,3477,14,193
347,7717,74,661
348,9655,55,697
349,9171,21,178
350,2464,74,67
351,5064,19,735
352,4330,73,407
353,6665,58,614
354,2771,85,263
355,9053,83,140
356,5386,94,840
357,5876,13,419
358,6546,69,802
359,9487,35,923
360,1648,93,689
361,6250,27,471
362,9734,89,358
363,3294,17,261
364,9442,28,968
365,2667,29,171
366,3629,97,111
367,1681,54,274
368,2192,61,5
369,8846,72,855
370,3433,64,869
371,6325,20,781
372,2549,57,177
373,3723,7,970
374,7220,88,906
375,3661,72,531
376,1703,50,622
377,5754,4,793
378,4876,96,125
379,4850,99,42
380,7689,60,6
381,5138,71,773
382,4362,43,95
383,6949,80,383
384,8712,22,640
385,4620,74,171
386,9120,7,469
387,2555,20,993
388,9060,76,775
389,2234,31,550
390,4836,52,815
391,1618,45,997
392,6273,51,573
393,6034,24,920
394,1119,50,968
395,2737,98,601
396,2038,13,312
397,7432,98,522
398,5387,72,391
399,9669,11,246
400,4093,82,939
401,6139,46,63
402,4716,37,836
403,7961,2,456
404,3860,93,711
405,9222,100,176
406,5356,36,221
407,6661,63,127
408,4530,47,706
409,1258,56,20
410,3053,45,571
411,6507,97,139
412,2637,45,720
413,4691,45,239
414,5402,79,544
415,1125,81,884
416,7770,38,168
417,5865,49,612
418,8695,94,947
419,6524,64,864
420,2534,30,458
421,5216,66,646
422,8249,40,671
423,9381,0,681
424,3325,64,887
425,2393,87,636
426,1224,34,967
427,2973,57,894
428,9816,92,689
429,7722,78,171
430,1139,38,942
431,6303,65,921
432,4627,61,756
433,5245,96,681
434,3019,52,814
435,3363,85,905
436,1535,36,804
437,7429,47,55
438,4005,19,927
439,6634,67,41
440,8796,85,136
441,6110,69,966
442,3122,54,601
443,5424,77,441
444,1915,15,518
445,5437,17,358
446,3576,70,29
447,5945,96,323
448,7355,83,112
449,4846,77,819
450,9125,28,72
451,3334,86,626
452,2697,14,975
453,9829,36,321
454,5122,67,416
455,7138,60,118
456,6340,91,983
457,3615,17,931
458,3006,75,916
459,4521,63,507
460,9872,77,707
461,3218,86,606
462,1301,58,822
463,8833,49,75
464,3899,71,849
465,9259,85,867
466,1208,59,660
467,5540,73,337
468,1063,19,392
469,5343,77,5
470,9469,49,590
471,2220,39,792
472,1982,42,688
473,5396,1,144
474,3889,53,338
475,3440,18,499
476,4907,33,705
477,2665,28,787
478,6956,37,974
479,1551,75,7
480,4360,55,136
481,1075,95,695
482,8509,10,644
483,5699,82,518
484,3635,69,880
485,5530,62,65
486,4263,94,372
487,2344,43,973
488,9511,51,293
489,2516,56,981
490,2124,99,798
491,1541,18,713
492,9111,50,669
493,2120,20,419
494,5832,83,286
495,2762,57,5
496,7132,91,922
497,4413,85,807
498,8073,62,45
499,8211,9,23
500,8898,10,338
501,7645,55,836
502,2133,12,749
503,4620,20,117
504,3688,44,913
505,2197,30,88
506,3627,52,555
507,1805,36,466
508,2966,75,49
509,9182,77,358
510,7389,62,3
511,2576,54,686
512,6571,87,984
513,7433,90,704
514,2566,21,48
515,7738,84,381
516,6175,22,883
517,6454,30,236
518,5864,14,58
519,7407,84,54
520,9612,21,256
521,5278,44,682
522,9160,43,181
523,8137,63,543
524,6404,37,577
525,4539,61,379
526,1006,22,327
527,9922,36,455
528,6671,7,223
529,9701,25,171
530,5567,16,833
531,5199,73,68
532,4771,79,204
533,1230,5,530
534,2692,69,441
535,5520,22,199
536,8400,8,677
537,6496,64,824
538,1464,75,382
539,1174,94,558
540,8251,100,14
541,5941,98,8
542,6805,87,245
543,9213,40,560
544,5659,4,176
545,5864,82,798
546,1247,65,555
547,5514,6,350
548,2410,30,856
549,8258,11,372
550,6125,85,499
551,8063,4,688
552,5309,37,162
553,8384,59,722
554,4628,29,521
555,8285,3,398
556,7359,50,53
557,1804,31,660
558,4405,91,976
559,6329,99,616
560,5746,87,311
561,2785,0,193
562,5337,92,705
563,1970,11,944
564,2143,67,244
565,9211,45,177
566,3388,23,212
567,3401,61,975
568,4192,76,154
569,3110,3,702
570,1759,37,602
571,4843,11,590
572,7587,11,456
573,3646,42,615
574,5674,39,563
575,7908,44,350
576,1648,83,311
577,9679,65,185
578,2433,29,789
579,7429,98,698
580,5942,19,905
581,4278,46,184
582,5557,61,758
583,3304,69,116
584,6850,68,73
585,9448,95,813
586,5198,0,627
587,9833,96,509
588,3089,99,954
589,9226,51,80
590,5854,93,929
591,1094,98,665
592,1175,56,828
593,3089,68,895
594,6961,78,459
595,9163,19,186
596,6448,72,107
597,4147,79,272
598,9771,72,805
599,3536,53,293
600,8023,92,833
601,3150,68,796
602,5802,69,816
603,6516,12,978
604,2836,29,926
605,7448,73,701
606,3013,12,93
607,4135,34,152
608,8683,76,303
609,4486,42,170
610,1628,22,727
611,5826,44,224
612,1802,71,524
613,6065,29,487
614,5753,92,563
615,8610,59,329
616,1906,78,134
617,5382,68,691
618,3239,40,426
619,4573,20,477
620,3673,20,528
621,3798,95,861
622,1329,48,458
623,7588,71,690
624,6430,50,188
625,9942,100,255
626,6941,4,786
627,4058,17,163
628,8621,62,369
629,9583,51,486
630,5402,27,236
631,7147,43,752
632,9205,25,978
633,4097,39,737
634,6039,36,511
635,2537,46,971
636,2600,96,674
637,4715,89,656
638,7918,41,172
639,1156,81,349
640,4259,71,70
641,7263,34,239
642,8568,82,999
643,7921,100,865
644,4830,83,139
645,7388,96,739
646,4313,96,682
647,3789,100,768
648,5197,53,497
649,6468,54,580
650,2814,85,967
651,8169,95,661
652,3999,10,255
653,1263,19,565
654,4046,66,36
655,1664,91,297
656,4797,12,352
657,7199,63,344
658,4479,14,491
659,2575,61,74
660,8871,63,837
661,1743,74,365
662,1225,4,794
663,9324,8,864
664,4707,4,165
665,5262,17,644
666,6615,73,295
667,9891,41,113
668,4215,58,338
669,1033,93,50
670,4261,65,639
671,3957,81,238
672,3760,7,381
673,4047,7,209
674,6148,24,592
675,8106,66,853
676,7067,67,868
677,8694,94,339
678,5685,71,620
679,8905,4,552
680,5635,41,161
681,4279,64,801
682,2381,23,417
683,2925,72,862
684,3851,21,6
685,6046,40,998
686,1301,60,102
687,4507,43,777
688,5222,18,128
689,4318,13,954
690,7932,100,968
691,2042,32,488
692,2605,71,713
693,4602,29,628
694,4192,51,429
695,6874,97,662
696,6312,83,817
697,2022,38,967
698,2834,96,896
699,5736,63,851
700,2751,87,23
701,8663,11,857
702,7225,71,606
703,5617,67,866
704,9691,57,315
705,9713,64,920
706,6962,92,71
707,6645,72,323
708,9824,90,760
709,4184,25,327
710,1325,86,384
711,6510,42,322
712,1181,57,440
713,9530,13,624
714,8858,99,296
715,9089,16,104
716,5822,32,815
717,8019,96,538
718,9165,45,905
719,8789,29,632
720,3769,39,99
721,2888,56,205
722,4591,50,496
723,2427,15,269
724,6735,39,587
725,3817,25,99
726,5031,89,904
727,6629,60,90
728,9693,5,599
729,3121,39,873
730,1696,0,163
731,9105,13,394
732,2554,13,993
733,6624,8,391
734,6075,61,386
735,9935,39,426
736,3371,30,194
737,1731,10,701
738,5760,35,430
739,3210,79,636
740,9613,4,22
741,9506,93,847
742,1072,0,951
743,3252,58,861
744,3218,30,652
745,1994,7,650
746,2326,93,780
747,2014,10,850
748,1239,80,176
749,8805,95,272
750,5559,98,356
751,8206,96,583
752,8084,79,627
753,4495,41,936
754,2439,51,244
755,3106,52,880
756,2445,4,820
757,3259,71,546
758,3853,71,712
759,9980,18,307
760,3408,7,256
761,1134,6,322
762,7129,98,527
763,2439,61,854
764,6400,80,975
765,4377,95,211
766,9851,26,561
767,9505,15,397
768,9080,27,488
769,1173,87,206
770,8991,18,244
771,5881,31,359
772,5755,63,560
773,7755,48,219
774,8240,21,31
775,4964,83,475
776,1946,4,966
777,5746,43,200
778,1561,68,862
779,1458,94,557
780,6167,58,514
781,4476,29,856
782,6179,39,943
783,3247,15,29
784,6473,33,454
785,2163,11,782
786,9619,58,962
787,2863,32,385
788,2120,35,628
789,1249,68,841
790,9011,69,319
791,2041,40,994
792,5603,6,378
793,5933,48,66
794,7756,32,844
795,6816,82,638
796,7639,45,322
797,9069,60,909
798,1673,63,454
799,6942,1,172
800,3611,85,374
801,7176,37,813
802,5263,99,441
803,1610,9,53
804,8233,74,972
805,6011,75,939
806,9219,25,378
807,5572,18,913
808,9990,24,326
809,3528,79,920
810,7499,54,189
811,2823,95,584
812,1636,88,180
813,6786,90,193
814,7265,37,818
815,4422,53,891
816,4591,81,797
817,3676,0,164
818,9973,2,524
819,9586,70,682
820,3647,39,691
821,4626,33,568
822,2937,99,692
823,7483,50,439
824,6078,21,29
825,1528,46,113
826,7826,33,787
827,3493,18,754
828,1289,80,83
829,3594,79,93
830,5669,68,118
831,5886,75,359
832,6715,88,412
833,2708,99,689
834,7111,29,606
835,9526,17,182
836,6071,32,251
837,3267,9,375
838,6250,25,176
839,3261,27,841
840,4021,30,987
841,5076,49,948
842,5772,7,993
843,3451,25,356
844,4953,4,688
845,3236,5,989
846,2905,63,942
847,2733,31,232
848,1679,58,952
849,6416,60,763
850,2267,47,690
851,2875,28,728
852,8419,83,848
853,3839,38,880
854,5839,24,768
855,1234,34,753
856,3679,54,659
857,3988,15,960
858,4587,40,915
859,6599,94,43
860,9637,69,536
861,7064,67,171
862,4583,87,579
863,2001,13,549
864,7960,100,170
865,5336,9,793
866,5305,78,674
867,6395,7,969
868,9797,18,853
869,3803,72,536
870,4045,35,647
871,3704,16,443
872,1135,82,287
873,9031,94,211
874,3403,64,163
875,4024,76,128
876,4155,86,244
877,6013,19,427
878,1194,49,706
879,1738,40,637
880,1400,12,830
881,3138,4,283
882,3429,74,571
883,1667,81,853
884,3330,87,405
885,6159,37,639
886,5541,69,522
887,6782,33,424
888,4216,96,722
889,4220,64,965
890,1911,73,908
891,5901,80,177
892,1244,68,585
893,3505,93,263
894,4166,80,668
895,4207,56,783
896,2034,79,296
897,4229,88,575
898,9467,44,166
899,7626,46,310
900,3908,9,394
901,3810,65,68
902,7699,30,217
903,3900,7,582
904,8781,91,104
905,4329,0,125
906,6185,86,170
907,1397,89,989
908,3020,51,218
909,6283,31,28
910,8077,13,542
911,9255,78,369
912,6770,53,49
913,9656,24,452
914,2853,4,167
915,3072,52,449
916,6478,2,56
917,8235,67,350
918,7106,0,898
919,1103,5,925
920,7776,16,219
921,9726,0,905
922,8902,46,567
923,5342,59,427
924,2869,89,832
925,9922,11,593
926,2251,97,418
927,6984,55,316
928,6746,73,213
929,9082,69,810
930,7454,2,24
931,1036,1,630
932,9867,14,185
933,2929,33,332
934,6085,30,350
935,2568,36,107
936,6758,14,327
937,2273,91,433
938,9230,14,606
939,6601,13,626
940,8827,21,208
941,7662,91,254
942,7506,39,850
943,3890,84,909
944,8621,24,839
945,7619,72,23
946,2322,17,294
947,6148,90,972
948,5999,79,194
949,6235,8,622
950,4448,93,576
951,1429,54,712
952,6640,51,766
953,6074,73,188
954,8519,31,275
955,2508,65,130
956,3008,4,35
957,1077,31,97
958,7446,34,59
959,3300,8,85
960,5791,67,194
961,9496,65,226
962,8514,15,778
963,4079,56,953
964,1179,82,932
965,6784,5,489
966,7852,60,476
967,1990,86,546
968,3754,34,692
969,1232,46,369
970,9650,18,720
971,3774,96,560
972,2824,28,438
973,4983,36,442
974,2513,7,535
975,4509,69,953
976,7978,94,745
977,7506,33,538
978,3083,84,193
979,1749,21,781
980,6459,38,139
981,9470,36,5
982,2253,63,973
983,1553,97,920
984,2135,98,219
985,4433,74,639
986,9491,80,608
987,6622,54,989
988,1965,66,188
989,9874,58,279
990,4975,50,169
991,1916,86,777
992,9218,79,519
993,3366,93,879
994,9127,50,844
995,6621,39,134
996,3083,61,569
997,8982,90,945
998,1494,90,997
999,8701,54,178
1000,2041,80,15
1001,7173,27,188
1002,4717,33,342
1003,9227,60,375
1004,5764,21,830
1005,5526,55,336
1006,6210,92,237
1007,3999,4,876
1008,2680,90,319
1009,6165,58,30
1010,6545,42,455
1011,3213,24,764
1012,3004,70,906
1013,5541,25,693
1014,6290,47,8
1015,2057,9,670
1016,9013,3,282
1017,8803,55,944
1018,3402,67,422
1019,8316,76,237
1020,1709,28,905
1021,8969,24,588
1022,9534,3,220
1023,3614,58,529
1024,8425,78,548
1025,5189,60,81
1026,6628,19,452
1027,6932,64,398
1028,9019,15,657
1029,7275,54,446
1030,4283,4,584
1031,9029,95,427
1032,5084,73,351
1033,4129,56,938
1034,3398,31,659
1035,5912,24,22
1036,2669,17,998
1037,4554,25,88
1038,3949,38,562
1039,5272,19,575
1040,1456,21,961
1041,2974,10,556
1042,2044,71,256
1043,2747,86,410
1044,1442,11,137
1045,4191,34,516
1046,6102,69,873
1047,8478,70,529
1048,8610,8,666
1049,3783,50,513
1050,8300,7,230
1051,9862,3,778
1052,1247,3,267
1053,1465,90,878
1054,3434,56,723
1055,4435,41,924
1056,5702,11,721
1057,1061,23,400
1058,6123,6,260
1059,3390,6,496
1060,3699,79,756
1061,4704,33,375
1062,7573,69,414
1063,2557,21,774
1064,4858,58,606
1065,1732,87,923
1066,5823,55,740
1067,9653,17,286
1068,3998,47,720
1069,9780,75,723
1070,2697,69,928
1071,3264,31,857
1072,3385,74,615
1073,4211,37,499
1074,8612,58,428
1075,4198,45,39
1076,4619,37,238
1077,8917,45,948
1078,1315,57,193
1079,8681,28,50
1080,2151,31,701
1081,2806,38,544
1082,3161,40,431
1083,3940,46,275
1084,9556,43,513
1085,8682,24,646
1086,6764,17,694
1087,7212,37,763
1088,8457,77,949
1089,6605,28,964
1090,7802,64,275
1091,2082,97,317
1092,8108,100,281
1093,5221,46,827
1094,4490,74,862
1095,7895,96,307
1096,3532,41,226
1097,2445,80,471
1098,3278,26,547
1099,7986,73,14
1100,5012,89,698
1101,5363,86,671
1102,2199,24,414
1103,8703,41,515
1104,9435,97,768
1105,6452,87,962
1106,9440,75,156
1107,7592,18,338
1108,1585,67,474
1109,5430,41,636
1110,2327,86,863
1111,9552,23,696
1112,8211,96,721
1113,9599,0,495
1114,8888,14,778
1115,7102,39,760
1116,3114,31,813
1117,7157,70,493
1118,7924,100,349
1119,1031,80,830
1120,8681,47,65
1121,5118,26,157
1122,4858,37,858
1123,3432,97,813
1124,5661,24,114
1125,3993,66,236
1126,1476,90,344
1127,5442,59,169
1128,2625,51,972
1129,4100,85,703
1130,1284,50,855
1131,9783,50,887
1132,5177,13,101
1133,5216,0,542
1134,6511,43,141
1135,3805,42,20
1136,1926,49,453
1137,8106,9,843
1138,8418,28,512
1139,4056,92,292
1140,2195,90,805
1141,7355,0,99
1142,5155,44,283
1143,7469,21,684
1144,5487,92,142
1145,7795,57,381
1146,7315,18,606
1147,1844,7,98
1148,1139,32,797
1149,3874,47,729
1150,5394,60,177
1151,5542,17,588
1152,2790,47,838
1153,3655,58,387
1154,2875,26,488
1155,9808,38,535
1156,3814,43,597
1157,5405,49,209
1158,6049,13,476
1159,1087,77,881
1160,3009,8,148
1161,1290,43,225
1162,2984,41,865
1163,7860,88,721
1164,1692,82,720
1165,6162,11,814
1166,9233,15,732
1167,1346,95,365
1168,1067,62,782
1169,6180,82,61
1170,9592,83,150
1171,7894,56,716
1172,8970,68,886
1173,9836,46,499
1174,8287,12,590
1175,2367,21,446
1176,4794,28,390
1177,1553,28,706
1178,4200,67,907
1179,3534,15,985
1180,5119,27,490
1181,2800,37,540
1182,2662,16,633
1183,6112,69,486
1184,2016,81,185
1185,4641,100,551
1186,1132,27,301
1187,2450,92,331
1188,5224,74,931
1189,1824,9,994
1190,9506,65,147
1191,4276,7,250
1192,7444,27,369
1193,7047,0,206
1194,4524,10,359
1195,4137,4,859
1196,1030,81,581
1197,5242,52,841
1198,5044,76,243
1199,9358,7,454
1200,5881,23,179
1201,8516,94,792
1202,1707,96,848
1203,5818,12,563
1204,9237,62,71
1205,5696,51,707
1206,4827,75,887
1207,7437,5,325
1208,7300,78,272
1209,8402,85,997
1210,2232,51,25
1211,6412,93,716
1212,2740,11,612
1213,8816,44,749
1214,4295,34,213
1215,6436,1,651
1216,4712,99,37
1217,5867,44,639
1218,4838,2,482
1219,3774,60,954
1220,3818,78,548
1221,1299,98,15
1222,7454,34,212
1223,4946,45,229
1224,9043,10,797
1225,1626,38,839
1226,2902,79,475
1227,5711,56,13
1228,1630,11,866
1229,8016,86,454
1230,2634,75,538
1231,4129,47,406
1232,7584,35,75
1233,3551,28,771
1234,3202,48,269
1235,8412,70,313
1236,3524,60,566
1237,9208,30,395
1238,7655,17,550
1239,6665,3,954
1240,3829,7,603
1241,2702,73,344
1242,6795,35,193
1243,3431,21,420
1244,6428,79,811
1245,2553,100,587
1246,4406,37,845
1247,2932,81,964
1248,4652,43,865
1249,1886,64,364
1250,1362,98,637
1251,6068,87,916
1252,6028,70,40
1253,3093,21,32
1254,8815,16,800
1255,2361,97,290
1256,6037,100,902
1257,1724,96,34
1258,3583,6,5
1259,1084,90,728
1260,2204,32,920
1261,6187,12,53
1262,5305,52,682
1263,1508,50,325
1264,6440,26,520
1265,6023,58,224
1266,8911,92,429
1267,4436,48,581
1268,4863,52,116
1269,4627,85,483
1270,6962,86,924
1271,3754,46,340
1272,5790,33,976
1273,8876,57,90
1274,5432,63,994
1275,8877,3,289
1276,4415,6,894
1277,9860,46,928
1278,7188,95,498
1279,4575,46,216
1280,4663,26,220
1281,6386,33,463
1282,1302,25,960
1283,1028,35,632
1284,1255,26,462
1285,6687,58,285
1286,3051,39,237
1287,6506,87,816
1288,5010,15,469
1289,2797,92,801
1290,8959,21,91
1291,8401,66,612
1292,2432,15,783
1293,6443,74,213
1294,3370,7,242
1295,3597,58,996
1296,7138,14,800
1297,4804,47,166
1298,7361,57,233
1299,6522,13,279
1300,2791,8,553
1301,3426,25,459
1302,6253,57,392
1303,2736,79,12
1304,5942,47,599
1305,1717,80,67
1306,9616,2,596
1307,6216,24,114
1308,4595,76,903
1309,6032,97,819
1310,6374,68,107
1311,3365,38,488
1312,9454,75,967
1313,4654,62,230
1314,7115,79,299
1315,6758,65,815
1316,3634,91,728
1317,2777,24,582
1318,1939,1,894
1319,7155,25,176
1320,2203,81,58
1321,7899,6,634
1322,9350,31,231
1323,6679,51,640
1324,8731,61,191
1325,6690,54,920
1326,6221,76,290
1327,7757,54,187
1328,2182,10,820
1329,2830,64,870
1330,2007,1,936
1331,5478,58,688
1332,2579,3,173
1333,2524,2,755
1334,1808,29,2
1335,8667,62,177
1336,1469,94,688
1337,9312,89,668
1338,6516,2,360
1339,2086,61,287
1340,2906,35,732
1341,5814,47,180
1342,6479,89,345
1343,7790,56,468
1344,7627,83,978
1345,5042,21,451
1346,5256,90,317
1347,5466,57,9
1348,3805,20,748
1349,9274,79,443
1350,3567,38,104
1351,4109,53,185
1352,5439,58,76
1353,3225,53,287
1354,1004,14,809
1355,7108,75,621
1356,4020,10,40
1357,8277,47,797
1358,7025,19,635
1359,5909,96,882
1360,3962,61,260
1361,8099,69,398
1362,4770,62,147
1363,1217,100,152
1364,1467,68,967
1365,2290,68,444
1366,2523,99,610
1367,7091,0,28
1368,1140,50,538
1369,6886,77,539
1370,7226,37,925
1371,6465,58,265
1372,2019,92,278
1373,6166,92,571
1374,4094,81,387
1375,8666,100,899
1376,1901,48,741
1377,2968,15,933
1378,1039,46,334
1379,5073,76,893
1380,4913,90,595
1381,5771,20,492
1382,4567,98,941
1383,7193,11,411
1384,9662,86,709
1385,4493,49,302
1386,6632,98,559
1387,2290,9,426
1388,1723,48,153
1389,6311,75,876
1390,5800,33,52
1391,6459,41,743
1392,8760,3,344
1393,5982,68,607
1394,1426,1,128
1395,7129,14,846
1396,2736,60,89
1397,5843,97,236
1398,1766,53,41
1399,5112,17,973
1400,4073,73,759
1401,1726,30,657
1402,5002,50,123
1403,1039,9,104
1404,2343,78,829
1405,1031,20,728
1406,9122,12,681
1407,4297,42,670
1408,9813,7,519
1409,7213,53,43
1410,7542,29,22
1411,1369,31,139
1412,2069,27,500
1413,4843,14,298
1414,9114,77,979
1415,6022,88,568
1416,2705,52,451
1417,8024,48,17
1418,8035,52,107
1419,2928,60,760
1420,4001,46,51
1421,3270,69,61
1422,1800,61,589
1423,9841,7,189
1424,3207,71,607
1425,4909,16,305
1426,9982,7,961
1427,1408,81,547
1428,4865,93,617
1429,2448,92,252
1430,2288,86,622
1431,2554,77,331
1432,5511,26,965
1433,9417,24,414
1434,4798,65,603
1435,3602,32,691
1436,2021,74,600
1437,9034,23,27
1438,3012,26,107
1439,6243,1,420
1440,8322,74,354
1441,1396,21,871
1442,2702,88,174
1443,1788,47,860
1444,8657,33,393
1445,7051,43,531
1446,4466,61,765
1447,9931,52,886
1448,7751,80,111
1449,8737,49,23
1450,9549,98,661
1451,9437,55,463
1452,4981,0,414
1453,9458,35,432
1454,9434,16,31
1455,7814,25,314
1456,9288,16,899
1457,8681,1,165
1458,6144,91,382
1459,5956,35,630
1460,6606,9,328
1461,4657,22,253
1462,6082,57,650
1463,8569,30,943
1464,8347,51,389
1465,7446,96,835
1466,5260,99,436
1467,4353,26,515
1468,5933,40,505
1469,9782,17,716
1470,1756,85,818
1471,8392,54,470
1472,3972,54,132
1473,1195,69,832
1474,5687,97,933
1475,7400,52,696
1476,3029,78,128
1477,4866,12,272
1478,6653,9,648
1479,1586,54,277
1480,8104,87,273
1481,3385,12,400
1482,4134,81,315
1483,7571,75,134
1484,2295,69,618
1485,9788,12,478
1486,3814,5,665
1487,6089,29,430
1488,9105,9,378
1489,2393,19,577
1490,8238,88,245
1491,9319,27,768
1492,7680,38,158
1493,7933,75,405
1494,9756,97,924
1495,6333,4,328
1496,9063,81,503
1497,8599,2,662
1498,2662,12,974
1499,1899,81,591
1500,1231,97,382
1501,1100,100,988
1502,4426,78,469
1503,6352,91,123
1504,1963,13,518
1505,5426,90,830
1506,9521,11,99
1507,3223,29,886
1508,6274,32,258
1509,2513,96,10
1510,2556,71,878
1511,7138,67,870
1512,1188,67,601
1513,8551,77,92
1514,8678,59,55
1515,3025,9,278
1516,2848,88,199
1517,6692,88,789
1518,2900,79,979
1519,4940,55,67
1520,1421,76,981
1521,2509,51,190
1522,3825,30,992
1523,5911,45,233
1524,5542,6,738
1525,4725,59,518
1526,9158,74,980
1527,1974,53,455
1528,3490,85,162
1529,6257,21,896
1530,4274,16,530
1531,6490,10,376
1532,8804,17,232
1533,8723,68,137
1534,8638,31,685
1535,8292,4,900
1536,7544,74,24
1537,9666,71,793
1538,5995,11,57
1539,4607,81,735
1540,3751,38,727
1541,5128,83,407
1542,2063,39,278
1543,2299,25,777
1544,1780,77,70
1545,3420,29,459
1546,6764,83,448
1547,1599,99,462
1548,8743,42,156
1549,9281,84,134
1550,7731,92,501
1551,5662,53,198
1552,8809,14,491
1553,3559,43,981
1554,5089,4,951
1555,4326,23,432
1556,3688,71,629
1557,6392,8,806
1558,6984,79,394
1559,1253,91,43
1560,9885,81,696
1561,7870,61,866
1562,2761,3,462
1563,6549,12,550
1564,8739,50,751
1565,9676,60,636
1566,4783,85,360
1567,2866,59,768
1568,9154,17,402
1569,7395,32,441
1570,8294,58,78
1571,5082,5,914
1572,8789,52,175
1573,5134,0,465
1574,1373,26,105
1575,3036,8,21
1576,8543,83,202
1577,2471,59,957
1578,9138,73,415
1579,7805,61,87
1580,4356,72,882
1581,2419,94,690
1582,6356,58,960
1583,1575,32,554
1584,1735,34,702
1585,1901,60,413
1586,8214,78,336
1587,6795,64,534
1588,9815,27,784
1589,2583,74,359
1590,4474,73,407
1591,9112,74,261
1592,7319,9,279
1593,1486,79,619
1594,8946,20,557
1595,2836,30,696
1596,5165,55,562
1597,6358,68,366
1598,8102,70,592
1599,6059,96,377
1600,1050,6,19
1601,6156,99,518
1602,5995,38,250
1603,9119,10,928
1604,5450,41,706
1605,2331,74,127
1606,3536,76,422
1607,5807,66,378
1608,1494,12,59
1609,6553,92,298
1610,8006,16,67
1611,2491,42,848
1612,2032,13,466
1613,7884,24,503
1614,2672,94,123
1615,8255,3,772
1616,6550,6,484
1617,7263,75,973
1618,7007,97,181
1619,9189,7,74
1620,2354,76,153
1621,1858,73,208
1622,1411,8,298
1623,1289,33,188
1624,3752,16,168
1625,6520,24,762
1626,2887,53,644
1627,9591,75,230
1628,3176,7,219
1629,6458,10,77
1630,8611,32,517
1631,2808,52,892
1632,6374,5,252
1633,9557,99,256
1634,8671,50,621
1635,9758,69,345
1636,1840,46,47
1637,5041,57,977
1638,1838,5,957
1639,4163,96,74
1640,1768,16,18
1641,6114,10,450
1642,4737,97,796
1643,7681,77,114
1644,5386,79,689
1645,8434,50,567
1646,5580,49,191
1647,3070,48,479
1648,7190,22,22
1649,1670,15,943
1650,3742,94,941
1651,6790,17,189
1652,5009,84,313
1653,9759,47,488
1654,4428,86,851
1655,7846,44,425
1656,6496,26,859
1657,3149,4,929
1658,7262,68,749
1659,2623,96,865
1660,2375,94,968
1661,6344,33,163
1662,6406,97,237
1663,5376,42,931
1664,8392,4,325
1665,1808,97,448
1666,2293,41,520
1667,1982,47,332
1668,4495,8,392
1669,7029,40,6
1670,2184,65,246
1671,8840,6,778
1672,5389,7,767
1673,8897,25,174
1674,9858,6,650
1675,3039,26,780
1676,1002,76,730
1677,1813,72,440
1678,3835,49,171
1679,3644,38,513
1680,7480,25,44
1681,4281,36,858
1682,7313,65,889
1683,3285,6,846
1684,3220,33,535
1685,5745,11,745
1686,1397,19,283
1687,9801,96,20
1688,9984,13,464
1689,2221,9,471
1690,4984,99,711
1691,1450,21,217
1692,9095,16,450
1693,3295,49,958
1694,3359,59,826
1695,9050,6,22
1696,7720,42,470
1697,7482,46,908
1698,8988,73,162
1699,1417,48,890
1700,2221,94,859
1701,5514,2,312
1702,3254,65,26
1703,6439,25,917
1704,5197,5,305
1705,9015,13,20
1706,6363,79,566
1707,6173,0,575
1708,9200,12,228
1709,4678,74,932
1710,5964,4,271
1711,4161,16,394
1712,1595,47,54
1713,9786,49,45
1714,7385,33,952
1715,8234,10,78
1716,1396,64,789
1717,4790,91,466
1718,8270,70,385
1719,9729,82,700
1720,7303,28,102
1721,8111,71,604
1722,9357,18,258
1723,4465,74,661
1724,9410,49,769
1725,5648,28,904
1726,2421,17,164
1727,7608,91,444
1728,6860,78,999
1729,8686,62,941
1730,5347,86,188
1731,1862,41,618
1732,8564,72,728
1733,1158,73,934
1734,5504,74,536
1735,3278,67,593
1736,4225,95,642
1737,5643,79,261
1738,7634,13,63
1739,8492,20,827
1740,2341,58,982
1741,9436,25,418
1742,6806,31,203
1743,3757,27,163
1744,6831,46,172
1745,8238,59,90
1746,6710,3,410
1747,9373,3,516
1748,4216,29,201
1749,7319,37,707
1750,2846,46,613
1751,2229,64,714
1752,6357,16,975
1753,5795,29,960
1754,9381,54,471
1755,3700,41,942
1756,7662,6,189
1757,7882,24,616
1758,8322,49,793
1759,1617,38,694
1760,7670,32,768
1761,6658,95,180
1762,4123,91,285
1763,9454,47,948
1764,4572,36,977
1765,6377,37,784
1766,4005,39,521
1767,6702,73,590
1768,5552,95,400
1769,2326,83,730
1770,5288,91,781
1771,2650,99,463
1772,8448,46,721
1773,6177,4,217
1774,5514,5,416
1775,4433,74,4
1776,6373,83,525
1777,9527,16,832
1778,1039,61,895
1779,9310,84,393
1780,5097,9,60
1781,2435,83,4
1782,1399,14,463
1783,4159,52,221
1784,7939,15,825
1785,5850,70,803
1786,3216,85,317
1787,2828,7,172
1788,3398,91,669
1789,1462,14,350
1790,5636,14,299
1791,1668,54,716
1792,8125,52,480
1793,1934,40,207
1794,8532,92,29
1795,2039,53,610
1796,5027,41,509
1797,4268,95,718
1798,7838,36,227
1799,7079,77,981
1800,1914,1,980
1801,1903,22,281
1802,3333,16,249
1803,8408,87,244
1804,1122,85,637
1805,5738,34,523
1806,5552,92,861
1807,7371,73,852
1808,9756,53,554
1809,4141,64,671
1810,4286,1,928
1811,1062,96,237
1812,7422,87,886
1813,8995,7,229
1814,2583,33,168
1815,6398,13,830
1816,5728,39,477
1817,5916,58,581
1818,6485,56,116
1819,4231,90,990
1820,5431,14,331
1821,8300,90,233
1822,5180,52,1
1823,1379,13,669
1824,2322,86,80
1825,5187,87,704
1826,1414,47,116
1827,2570,96,466
1828,4451,52,155
1829,1911,84,928
1830,3396,73,337
1831,4106,80,214
1832,9168,7,326
1833,5815,56,796
1834,2705,22,114
1835,3167,15,225
1836,6394,38,314
1837,1873,16,935
1838,3160,59,458
1839,7620,89,92
1840,7868,35,780
1841,8864,35,31
1842,6753,74,148
1843,9819,97,711
1844,5847,10,591
1845,1766,81,198
1846,1063,75,927
1847,3386,30,668
1848,2452,67,762
1849,2232,61,838
1850,7973,27,77
1851,7863,31,172
1852,2315,93,757
1853,5523,55,107
1854,9153,62,724
1855,4389,81,393
1856,1708,49,360
1857,5849,27,837
1858,6841,54,131
1859,3175,22,212
1860,7331,5,676
1861,4065,98,551
1862,5148,75,336
1863,5661,44,24
1864,3985,5,461
1865,5102,62,641
1866,7036,20,840
1867,5501,39,367
1868,8800,28,263
1869,3318,71,229
1870,4658,35,400
1871,8413,100,323
1872,2485,66,496
1873,5614,25,593
1874,3977,24,548
1875,6878,39,776
1876,1764,91,782
1877,9037,90,832
1878,1583,3,213
1879,6051,29,544
1880,4568,40,362
1881,1871,7,70
1882,2392,7,223
1883,6618,11,559
1884,1569,66,156
1885,6475,38,147
1886,6765,43,491
1887,9594,47,249
1888,7387,19,888
1889,6023,88,32
1890,1508,48,9
1891,1854,86,609
1892,2964,95,528
1893,9242,0,593
1894,2345,100,682
1895,1954,77,60
1896,9229,2,187
1897,4867,80,514
1898,2117,90,316
1899,3860,62,389
1900,2148,61,462
1901,1025,94,517
1902,5909,94,614
1903,1076,42,362
1904,9504,93,545
1905,2610,62,291
1906,3886,93,6
1907,4711,21,991
1908,6534,19,997
1909,6008,75,993
1910,4894,86,465
1911,5113,68,946
1912,1275,97,499
1913,1504,48,869
1914,8382,16,770
1915,8266,89,55
1916,1986,35,968
1917,6717,10,937
1918,6998,43,366
1919,1450,38,277
1920,5048,97,311
1921,1342,55,40
1922,9113,63,270
1923,1784,65,249
1924,6077,29,559
1925,2100,36,471
1926,3314,79,566
1927,7983,100,953
1928,2813,20,150
1929,5582,53,598
1930,9205,49,781
1931,4099,10,916
1932,8215,84,277
1933,4160,99,623
1934,7091,69,764
1935,2427,55,472
1936,8172,24,614
1937,6666,22,622
1938,4872,44,988
1939,6199,100,517
1940,4788,21,162
1941,9862,73,650
1942,3134,2,627
1943,2012,32,881
1944,3501,76,175
1945,6100,38,779
1946,2279,56,983
1947,4517,61,699
1948,5861,56,792
1949,5257,24,5
1950,4453,70,613
1951,4670,19,196
1952,6729,29,823
1953,9805,52,565
1954,5974,38,91
1955,8779,59,323
1956,4670,87,80
1957,5348,8,241
1958,3390,76,916
1959,4470,49,16
1960,3071,4,239
1961,3785,61,869
1962,7948,41,595
1963,2481,95,867
1964,4744,18,541
1965,7342,22,475
1966,1154,27,483
1967,3305,47,367
1968,9858,49,934
1969,5199,73,338
1970,8718,70,846
1971,8556,19,345
1972,5894,71,206
1973,1999,21,716
1974,8909,14,147
1975,1052,96,270
1976,7455,41,468
1977,9531,35,673
1978,5578,99,781
1979,8421,2,60
1980,1690,68,158
1981,1318,32,984
1982,1274,77,769
1983,3220,76,479
1984,1897,58,926
1985,3709,91,639
1986,7108,71,767
1987,4297,63,623
1988,2479,2,333
1989,4077,1,136
1990,1526,15,932
1991,5926,63,312
1992,3926,92,958
1993,1073,15,791
1994,4458,19,703
1995,1144,0,995
1996,8287,9,478
1997,8633,2,945
1998,2666,53,442
1999,4573,19,508
2000,4049,47,746
2001,5456,85,216
2002,7673,28,50
2003,1248,79,764
2004,2189,21,448
2005,6500,38,205
2006,2444,52,674
2007,8258,62,16
2008,4768,48,538
2009,2428,32,677
2010,9704,5,204
2011,4737,27,609
2012,5242,11,520
2013,3341,53,912
2014,4613,63,105
2015,5861,33,813
2016,3829,46,901
2017,1485,44,317
2018,6458,38,946
2019,5200,7,7
2020,9977,26,716
2021,7357,67,26
2022,7450,24,783
2023,3423,83,586
2024,4415,13,587
2025,9185,91,388
2026,2471,89,704
2027,4167,67,188
2028,6829,94,775
2029,3081,73,242
2030,7437,31,281
2031,8121,40,41
2032,3353,91,906
2033,4981,64,54
2034,6377,71,426
2035,1538,85,198
2036,1048,63,602
2037,5197,11,79
2038,1739,38,663
2039,6908,9,239
2040,7656,0,787
2041,6791,71,945
2042,8777,56,877
2043,8561,28,579
2044,6251,42,263
2045,5213,6,470
2046,4702,89,629
2047,7609,6,567
2048,3927,18,876
2049,6094,64,377
2050,9666,41,397
2051,3994,90,160
2052,8371,35,326
2053,9012,16,889
2054,2434,75,373
2055,7752,64,566
2056,5468,34,950
2057,3151,6,708
2058,7722,54,550
2059,6734,99,93
2060,9857,44,282
2061,3952,78,516
2062,9122,39,609
2063,4628,39,94
2064,7498,32,46
2065,5688,78,910
2066,5702,6,454
2067,4169,84,134
2068,8279,100,378
2069,1369,30,400
2070,5338,53,2
2071,7611,27,509
2072,3223,82,229
2073,3990,38,883
2074,2845,49,79
2075,6701,21,106
2076,3727,26,467
2077,6807,8,283
2078,7620,15,854
2079,1273,24,93
2080,1246,66,754
2081,9400,6,923
2082,4530,76,239
2083,1590,2,373
2084,6142,92,419
2085,3779,99,644
2086,2294,0,108
2087,9499,64,427
2088,1596,55,718
2089,1603,62,55
2090,2341,26,313
2091,9205,80,263
2092,9131,35,773
2093,9955,33,328
2094,3152,69,73
2095,7030,91,474
2096,3333,70,573
2097,4855,70,166
2098,4144,36,428
2099,7223,11,892
2100,8731,39,650
2101,4977,90,642
2102,9632,25,620
2103,4696,98,608
2104,4926,10,658
2105,1686,70,461
2106,6884,23,442
2107,7301,31,621
2108,6646,47,604
2109,5675,73,309
2110,9688,53,27
2111,4451,76,190
2112,6426,42,753
2113,2562,74,313
2114,2779,38,480
2115,1540,28,532
2116,3737,57,946
2117,1378,16,850
2118,8461,23,902
2119,2807,10,562
2120,3968,26,572
2121,7006,29,757
2122,1382,14,418
2123,5580,47,545
2124,6379,14,489
2125,5253,65,343
2126,7272,45,289
2127,2287,39,206
2128,7289,84,281
2129,2290,89,160
2130,5431,88,534
2131,1723,30,394
2132,2987,57,912
2133,4965,73,220
2134,7023,29,876
2135,8281,26,768
2136,1108,10,176
2137,9378,94,365
2138,5797,43,182
2139,2449,33,388
2140,6255,13,145
2141,5352,53,685
2142,8306,12,364
2143,3697,51,106
2144,4996,64,399
2145,8805,61,932
2146,6605,74,17
2147,1035,6,821
2148,2572,80,557
2149,2744,59,477
2150,3608,83,402
2151,4772,23,42
2152,2566,31,504
2153,2424,91,934
2154,4598,23,944
2155,4731,44,388
2156,1066,27,526
2157,1219,85,399
2158,4306,67,609
2159,5383,34,297
2160,4222,59,432
2161,2170,30,555
2162,1914,99,75
2163,5797,38,157
2164,1599,100,661
2165,5260,46,653
2166,3221,54,170
2167,8280,10,206
2168,6466,28,664
2169,8159,26,613
2170,2650,40,708
2171,4873,11,808
2172,7002,36,651
2173,3822,60,724
2174,1954,53,354
2175,6425,55,610
2176,3067,13,997
2177,7488,8,188
2178,6824,39,561
2179,2445,95,25
2180,3639,93,290
2181,6494,70,364
2182,4255,6,225
2183,2586,90,460
2184,9801,92,354
2185,8752,56,194
2186,2900,24,556
2187,5242,80,840
2188,1927,47,516
2189,2984,15,746
2190,5854,65,122
2191,5326,80,972
2192,2805,57,139
2193,1502,83,503
2194,3410,2,244
2195,3517,70,232
2196,9623,14,784
2197,7470,56,103
2198,1787,23,407
2199,4627,20,586
2200,4814,59,617
2201,1496,90,476
2202,3201,26,707
2203,6173,16,41
2204,1375,37,450
2205,5055,28,73
2206,6352,49,220
2207,3773,94,846
2208,5407,35,699
2209,1036,5,745
2210,2716,74,712
2211,5009,47,64
2212,7059,70,882
2213,8227,29,759
2214,4930,27,257
2215,3162,1,319
2216,7894,20,201
2217,6951,2,474
2218,2130,28,37
2219,3265,60,244
2220,3899,61,410
2221,7586,3,735
2222,4059,31,955
2223,1148,28,367
2224,4597,79,290
2225,2360,81,715
2226,4431,44,816
2227,2826,26,801
2228,2852,19,635
2229,4420,94,905
2230,2289,34,690
2231,7980,24,787
2232,6322,91,773
2233,7611,53,250
2234,3675,96,59
2235,3126,92,150
2236,7295,56,726
2237,1696,63,91
2238,1603,7,690
2239,5900,34,245
2240,1369,39,433
2241,5936,76,828
2242,5256,40,958
2243,4143,27,849
2244,9295,16,765
2245,3760,65,318
2246,7009,35,356
2247,7970,8,876
2248,1495,67,975
2249,3580,34,660
2250,7590,44,291
2251,8433,52,312
2252,2189,70,162
2253,3281,56,197
2254,3683,15,669
2255,1906,72,137
2256,1510,13,388
2257,7949,48,625
2258,2881,61,687
2259,2079,17,880
2260,8117,2,188
2261,7150,1,803
2262,8606,16,627
2263,8090,53,138
2264,5046,31,714
2265,3400,21,719
2266,6919,12,461
2267,9914,61,728
2268,9489,99,895
2269,4612,39,244
2270,8821,96,461
2271,5989,55,384
2272,9192,54,438
2273,3813,4,147
2274,1813,84,372
2275,4367,18,965
2276,5243,4,531
2277,1357,53,105
2278,1411,12,650
2279,4739,18,531
2280,1067,70,914
2281,3800,68,969
2282,6745,43,342
2283,6712,94,821
2284,7741,76,882
2285,2310,72,766
2286,2956,2,326
2287,5446,21,619
2288,7881,90,411
2289,6007,16,760
2290,8360,4,873
2291,2265,60,550
2292,8915,66,652
2293,8915,67,877
2294,1932,1,99
2295,5429,48,950
2296,3392,98,569
2297,7520,46,227
2298,6247,18,264
2299,4826,27,271
2300,9117,45,533
2301,9417,12,939
2302,2660,98,732
2303,4018,83,127
2304,7236,61,500
2305,5819,53,440
2306,9451,16,681
2307,3145,43,291
2308,8072,7,467
2309,6265,15,288
2310,4602,56,234
2311,3453,53,971
2312,4194,64,267
2313,3066,35,642
2314,5219,53,103
2315,1479,99,683
2316,2235,64,843
2317,2361,52,553
2318,6959,93,32
2319,2337,18,596
2320,2093,38,717
2321,6638,5,600
2322,9395,49,279
2323,7017,67,491
2324,3780,56,395
2325,6420,57,687
2326,9537,39,185
2327,7260,43,984
2328,2426,38,10
2329,9531,81,910
2330,7361,82,405
2331,4095,32,802
2332,1147,17,143
2333,6871,83,920
2334,3857,17,671
2335,9986,14,713
2336,9214,17,481
2337,6241,0,1
2338,6162,46,430
2339,3814,47,540
2340,4916,15,254
2341,3412,9,747
2342,1356,96,708
2343,8657,82,564
2344,3885,15,130
2345,3739,13,405
2346,2332,27,301
2347,7055,77,337
2348,3624,21,549
2349,1337,21,6
2350,3852,31,91
2351,1476,15,836
2352,9418,13,139
2353,9546,72,185
2354,9443,65,160
2355,7143,86,982
2356,6987,59,945
2357,2352,67,129
2358,9702,24,237
2359,9641,98,447
2360,3260,85,253
2361,4752,17,624
2362,3199,53,938
2363,6055,40,945
2364,9212,65,390
2365,8487,45,107
2366,1459,88,255
2367,2149,49,902
2368,3724,87,22
2369,7663,5,616
2370,8634,79,585
2371,5884,82,23
2372,4418,86,805
2373,4943,9,698
2374,1994,79,640
2375,2149,89,359
2376,2195,74,143
2377,1706,62,548
2378,3332,56,88
2379,1862,17,824
2380,1291,2,127
2381,9591,75,517
2382,4802,11,541
2383,7013,0,557
2384,6248,62,893
2385,7961,29,580
2386,5656,76,893
2387,5091,47,367
2388,3541,63,293
2389,9312,45,44
2390,3019,85,575
2391,3883,76,764
2392,8196,26,362
2393,1176,49,553
2394,4855,5,577
2395,7756,8,157
2396,2520,94,170
2397,4761,65,364
2398,1060,29,890
2399,4787,43,135
2400,8953,99,75
2401,8039,28,860
2402,6714,26,932
2403,8972,96,885
2404,3951,47,422
2405,5218,57,301
2406,8916,98,639
2407,2755,56,924
2408,3068,46,489
2409,3689,55,846
2410,7162,40,201
2411,2966,90,783
2412,5428,22,170
2413,1690,33,118
2414,4059,43,928
2415,6126,1,957
2416,3632,22,202
2417,2022,87,871
2418,4346,1,204
2419,5950,1,56
2420,5724,67,593
2421,3420,84,142
2422,2695,21,24
2423,6786,40,343
2424,1588,66,176
2425,3555,61,601
2426,8817,83,850
2427,9580,75,30
2428,5941,39,771
2429,8332,5,891
2430,1026,71,723
2431,7204,0,604
2432,5738,0,439
2433,1382,65,332
2434,5179,1,911
2435,8871,1,102
2436,1165,29,337
2437,4580,18,589
2438,8297,93,744
2439,6553,87,738
2440,9104,9,665
2441,8541,87,635
2442,3927,33,727
2443,2374,42,687
2444,6660,22,431
2445,3187,88,713
2446,3413,25,300
2447,8245,21,684
2448,6897,69,604
2449,5927,42,403
2450,8753,72,479
2451,2678,97,359
2452,9479,88,691
2453,3475,69,776
2454,9644,39,679
2455,5247,71,39
2456,4980,65,80
2457,8775,87,1
2458,7807,8,171
2459,8089,56,915
2460,5389,92,409
2461,4360,71,64
2462,6574,83,703
2463,5496,52,644
2464,7737,50,388
2465,7311,15,122
2466,2501,66,313
2467,9779,80,249
2468,6907,75,16
2469,1054,74,1000
2470,5394,75,803
2471,4185,38,498
2472,4952,43,711
2473,5416,72,970
2474,4427,30,410
2475,6965,19,608
2476,1650,86,588
2477,1314,84,382
2478,3201,59,207
2479,8364,94,67
2480,1332,68,945
2481,6173,97,312
2482,6812,56,150
2483,4949,100,116
2484,7094,8,828
2485,4725,74,475
2486,3928,19,69
2487,2648,49,924
2488,7194,65,538
2489,9791,49,703
2490,3703,43,614
2491,2482,7,301
2492,2511,43,995
2493,2687,76,899
2494,3464,54,448
2495,5783,30,880
2496,2797,66,576
2497,2272,28,413
2498,6312,38,282
2499,3770,100,967
2500,5298,13,545
2501,7647,29,615
2502,1472,78,96
2503,8546,70,652
2504,3452,63,747
2505,3298,0,773
2506,4854,32,114
2507,8261,86,145
2508,2799,39,786
2509,7286,64,77
2510,1607,50,635
2511,3194,94,954
2512,5040,78,618
2513,8391,30,223
2514,4621,47,839
2515,4537,87,536
2516,1522,30,475
2517,5171,38,637
2518,9852,71,761
2519,9862,14,752
2520,1480,99,558
2521,1385,19,220
2522,4315,61,530
2523,6135,7,739
2524,5692,69,602
2525,4366,18,52
2526,6232,5,613
2527,3674,13,79
2528,5815,46,900
2529,9545,41,573
2530,8940,73,618
2531,2858,60,495
2532,8425,57,941
2533,8048,61,691
2534,7177,6,944
2535,9788,1,327
2536,5258,64,437
2537,3306,82,379
2538,6632,9,520
2539,6189,32,571
2540,5473,37,560
2541,2999,69,463
2542,1823,6,375
2543,7774,27,104
2544,5245,36,327
2545,2045,97,854
2546,7738,5,756
2547,4860,30,122
2548,4986,51,498
2549,9493,72,840
2550,2032,95,59
2551,2089,78,256
2552,9973,94,692
2553,3942,61,321
2554,5377,72,232
2555,5527,84,382
2556,3050,2,766
2557,7440,40,123
2558,9262,31,590
2559,1567,7,530
2560,6573,68,872
2561,9243,41,66
2562,8640,7,937
2563,7629,36,906
2564,1648,4,452
2565,9929,56,355
2566,5397,11,867
2567,4854,67,331
2568,7148,90,221
2569,3321,88,988
2570,5576,1,964
2571,3317,11,917
2572,2778,91,376
2573,3335,66,2
2574,8120,82,420
2575,5402,32,494
2576,3291,73,856
2577,2897,15,879
2578,7116,31,229
2579,2276,11,747
2580,6214,56,687
2581,4586,55,530
2582,3700,37,235
2583,3786,82,159
2584,9858,54,803
2585,6909,96,564
2586,5322,100,79
2587,1316,31,214
2588,4211,32,647
2589,7627,35,49
2590,2945,4,508
2591,8655,6,665
2592,2513,26,11
2593,1310,48,844
2594,9598,47,512
2595,1914,53,871
2596,1527,55,950
2597,3177,41,142
2598,1334,48,655
2599,9714,1,761
2600,7785,76,386
2601,4895,65,752
2602,3432,72,900
2603,7389,29,584
2604,2857,83,160
2605,2155,48,639
2606,5316,90,265
2607,4861,17,851
2608,5643,23,997
2609,4073,65,760
2610,5402,47,936
2611,2251,88,883
2612,7134,72,300
2613,4563,35,565
2614,7791,60,66
2615,4431,99,91
2616,9741,34,836
2617,9871,24,767
2618,9205,61,855
2619,2565,81,282
2620,7535,76,405
2621,6631,96,940
2622,2522,9,462
2623,2387,21,435
2624,9123,71,919
2625,4825,100,883
2626,7156,77,967
2627,6344,4,359
2628,9431,91,3
2629,8129,44,230
2630,7034,73,838
2631,5359,43,857
2632,1954,37,997
2633,9571,38,151
2634,1406,77,370
2635,5021,30,339
2636,5823,94,1
2637,3237,66,423
2638,3769,35,678
2639,3031,50,48
2640,2652,87,621
2641,9533,72,523
2642,2174,90,679
2643,6424,100,65
2644,3483,53,983
2645,8984,87,208
2646,7627,59,831
2647,9994,58,436
2648,8585,21,975
2649,5939,53,537
2650,2852,84,392
2651,9442,2,770
2652,9117,51,55
2653,3837,40,86
2654,3777,39,356
2655,6233,77,472
2656,4546,66,970
2657,8628,11,719
2658,5123,52,44
2659,1033,20,473
2660,1391,83,642
2661,3568,15,202
2662,6787,78,911
2663,4037,43,842
2664,5021,37,430
2665,4565,81,154
2666,6635,87,837
2667,3469,65,711
2668,6987,47,915
2669,1573,63,808
2670,2688,38,628
2671,4976,55,244
2672,5254,13,145
2673,3838,98,911
2674,8702,45,681
2675,4307,10,894
2676,7429,24,849
2677,5392,97,363
2678,4070,47,778
2679,5537,79,795
2680,7931,98,788
2681,4826,77,969
2682,8941,34,715
2683,6060,100,391
2684,5325,47,615
2685,4613,14,877
2686,4270,85,527
2687,8691,100,394
2688,4814,2,389
2689,5929,92,608
2690,7467,7,377
2691,7964,10,614
2692,4479,83,524
2693,3799,49,281
2694,9727,38,179
2695,3556,70,157
2696,4012,18,373
2697,6623,24,287
2698,9110,51,581
2699,2933,35,899
2700,4469,40,78
2701,9675,84,428
2702,6288,7,585
2703,3856,4,512
2704,2506,2,65
2705,6843,21,228
2706,6883,54,447
2707,8588,90,337
2708,4410,98,401
2709,6011,35,573
2710,2993,83,196
2711,8078,51,912
2712,4749,23,851
2713,2611,39,721
2714,4617,48,663
2715,6169,45,225
2716,8959,20,491
2717,2310,75,883
2718,8409,73,814
2719,8280,74,494
2720,1543,73,408
2721,3301,63,599
2722,6083,17,181
2723,4225,78,550
2724,7504,3,770
2725,3501,77,101
2726,5535,52,840
2727,3445,36,458
2728,6535,73,825
2729,4086,23,799
2730,3361,2,771
2731,3717,39,864
2732,9589,37,897
2733,8198,43,785
2734,5099,13,527
2735,6088,98,371
2736,9119,16,885
2737,6774,87,33
2738,4381,96,904
2739,1827,60,963
2740,4604,84,841
2741,7818,71,792
2742,8115,70,804
2743,2191,35,818
2744,7590,64,51
2745,9439,32,704
2746,8952,41,197
2747,8162,60,183
2748,8628,32,252
2749,3425,48,543
2750,7609,60,561
2751,4543,32,55
2752,9469,83,107
2753,6619,28,530
2754,4565,9,25
2755,1616,4,880
2756,6009,24,193
2757,5875,17,701
2758,2970,31,440
2759,3558,70,79
2760,4085,69,564
2761,7669,94,35
2762,2770,28,926
2763,5534,9,934
2764,1172,48,405
2765,7550,36,25
2766,5495,14,398
2767,4342,22,863
2768,6389,83,724
2769,2684,96,680
2770,3948,75,332
2771,4528,53,636
2772,3690,36,831
2773,5469,69,147
2774,3702,74,594
2775,6246,70,226
2776,3126,52,590
2777,4518,37,86
2778,5178,53,931
2779,4071,35,778
2780,6139,10,929
2781,1741,44,240
2782,9136,79,849
2783,7050,88,802
2784,9217,8,341
2785,5585,35,267
2786,9895,64,668
2787,8809,43,733
2788,8042,29,236
2789,2800,12,457
2790,1034,93,419
2791,5472,0,111
2792,2278,83,676
2793,9377,97,521
2794,5418,21,223
2795,1734,18,804
2796,3313,23,99
2797,1052,72,467
2798,4094,43,413
2799,4547,82,169
2800,5197,5,944
2801,4463,14,8
2802,1336,77,363
2803,4531,64,51
2804,1548,20,660
2805,2835,36,102
2806,5328,61,62
2807,4330,21,63
2808,1150,35,442
2809,7423,40,131
2810,2990,6,67
2811,3337,7,586
2812,3572,57,484
2813,6723,71,696
2814,4028,33,261
2815,8392,89,682
2816,1995,40,280
2817,3271,83,392
2818,7290,14,918
2819,1116,92,676
2820,1388,69,570
2821,6909,62,993
2822,2341,99,24
2823,7859,72,320
2824,2850,57,330
2825,8821,30,883
2826,3081,88,884
2827,2382,1,699
2828,2541,55,400
2829,5312,85,535
2830,4358,8,524
2831,9727,93,459
2832,5382,81,519
2833,5831,72,417
2834,4688,98,54
2835,3852,40,808
2836,4099,31,312
2837,7237,32,65
2838,3347,90,673
2839,5323,10,938
2840,1805,31,432
2841,3562,5,519
2842,6478,92,925
2843,5806,40,14
2844,3975,28,35
2845,1746,32,342
2846,2406,63,349
2847,2185,54,621
2848,8897,26,402
2849,7814,15,355
2850,3358,78,471
2851,7257,30,502
2852,1798,68,26
2853,4746,1,269
2854,8052,13,239
2855,8576,32,691
2856,4354,93,238
2857,7439,37,231
2858,5695,3,95
2859,9343,47,442
2860,3655,65,895
2861,5081,23,365
2862,8295,91,419
2863,9859,76,421
2864,1064,87,666
2865,8108,15,563
2866,1077,29,740
2867,6451,83,268
2868,9230,7,235
2869,1746,60,85
2870,3957,32,394
2871,9433,22,978
2872,3891,2,160
2873,1409,59,794
2874,1192,34,711
2875,8200,76,70
2876,8133,38,399
2877,2475,32,714
2878,1397,65,937
2879,1069,60,459
2880,2141,96,732
2881,7950,67,786
2882,1634,64,912
2883,1361,65,443
2884,7296,62,597
2885,3606,28,886
2886,3103,50,248
2887,2573,41,191
2888,6533,17,888
2889,5271,68,471
2890,4660,78,320
2891,5191,9,994
2892,2727,31,631
2893,9096,60,429
2894,7459,4,755
2895,1709,53,350
2896,3020,3,985
2897,2908,24,126
2898,4039,74,181
2899,4857,10,159
2900,9334,71,500
2901,3115,49,848
2902,9367,97,930
2903,7052,84,456
2904,8793,51,305
2905,4801,59,220
2906,3077,20,451
2907,3413,94,595
2908,4870,30,88
2909,7486,58,756
2910,1747,41,818
2911,9708,88,789
2912,9830,56,837
2913,6478,22,647
2914,5120,37,640
2915,8426,48,721
2916,4643,89,507
2917,8466,2,618
2918,3742,79,276
2919,7060,6,469
2920,5947,4,847
2921,4190,4,529
2922,6999,6,677
2923,2144,36,610
2924,5797,91,279
2925,2540,38,911
2926,3480,83,227
2927,6839,17,63
2928,3376,92,548
2929,6754,42,579
2930,9270,73,258
2931,2540,100,40
2932,3537,1,180
2933,1312,9,451
2934,1632,62,488
2935,3668,36,932
2936,5014,24,557
2937,4645,83,621
2938,9541,38,593
2939,4983,9,29
2940,2672,2,470
2941,9106,7,588
2942,5974,39,519
2943,1022,73,651
2944,6117,20,135
2945,4799,68,921
2946,7974,45,479
2947,4629,43,235
2948,5333,56,604
2949,6517,72,882
2950,6064,75,282
2951,1731,49,156
2952,6812,63,764
2953,2132,35,591
2954,6969,92,408
2955,9289,10,843
2956,5106,60,744
2957,6118,25,331
2958,8768,43,731
2959,6063,51,360
2960,1919,3,42
2961,5924,32,880
2962,3626,35,434
2963,2381,72,72
2964,6705,91,436
2965,4520,22,398
2966,9586,97,12
2967,3257,38,341
2968,9946,37,218
2969,2675,70,310
2970,5919,34,935
2971,2085,5,875
2972,9605,68,449
2973,3808,6,434
2974,9376,65,609
2975,5491,12,532
2976,2345,37,48
2977,2912,13,312
2978,4517,14,70
2979,8019,65,639
2980,6369,99,431
2981,8936,94,503
2982,2175,58,426
2983,5844,64,333
2984,1161,97,296
2985,4632,37,864
2986,2218,79,641
2987,1657,85,916
2988,4701,4,322
2989,6142,90,385
2990,9809,25,436
2991,4991,63,184
2992,7478,71,165
2993,5835,17,550
2994,3658,6,830
2995,4133,76,479
2996,1206,34,194
2997,9603,9,298
2998,3371,74,414
2999,1819,93,907
3000,7565,21,601
3001,8227,81,157
3002,2173,78,631
3003,1302,73,470
3004,5164,9,16
3005,2351,48,694
3006,5094,72,86
3007,7083,61,905
3008,6674,34,82
3009,5882,84,619
3010,6533,99,476
3011,5818,7,726
3012,2484,52,998
3013,3346,96,943
3014,6489,97,140
3015,6910,75,295
3016,6681,86,408
3017,6827,80,348
3018,2090,77,550
3019,5154,61,582
3020,3830,56,541
3021,8979,95,409
3022,3868,53,476
3023,4486,10,999
3024,3079,87,227
3025,1502,69,366
3026,1616,45,148
3027,1187,39,316
3028,3142,20,774
3029,3947,61,469
3030,2444,11,415
3031,5378,74,999
3032,1736,34,330
3033,5470,8,756
3034,3797,34,720
3035,2860,66,517
3036,5118,24,396
3037,4176,39,176
3038,2819,17,225
3039,8790,88,689
3040,7920,44,283
3041,2604,96,364
3042,2198,30,345
3043,5892,45,351
3044,7384,9,935
3045,2052,19,308
3046,7503,17,361
3047,8232,80,555
3048,1181,16,919
3049,8916,37,299
3050,6393,78,505
3051,6555,62,193
3052,7782,77,553
3053,3909,61,683
3054,7288,2,262
3055,9668,5,950
3056,4561,55,13
3057,2701,93,358
3058,2138,49,982
3059,6878,38,775
3060,5123,16,658
3061,6077,39,569
3062,6805,89,398
3063,5519,0,505
3064,7211,66,340
3065,4172,92,793
3066,5608,22,827
3067,6390,78,17
3068,4969,54,974
3069,9634,25,561
3070,1782,4,31
3071,8165,50,21
3072,3252,22,11
3073,7575,0,858
3074,2919,69,678
3075,9744,75,739
3076,4812,47,107
3077,2110,100,108
3078,7721,49,761
3079,8372,34,305
3080,6820,54,884
3081,9700,28,997
3082,1022,12,689
3083,3580,93,164
3084,5508,70,205
3085,7429,33,824
3086,7959,17,167
3087,2216,78,165
3088,2652,51,458
3089,1650,100,352
3090,6097,36,275
3091,4416,63,809
3092,9725,83,788
3093,3812,69,196
3094,2766,86,788
3095,4544,53,993
3096,8556,56,649
3097,7628,20,678
3098,7654,57,463
3099,1932,84,106
3100,1191,81,827
3101,3134,97,935
3102,8758,38,786
3103,1246,93,717
3104,1421,29,172
3105,6891,11,437
3106,2962,85,130
3107,9285,2,873
3108,9712,42,770
3109,9791,15,497
3110,7494,69,746
3111,6913,52,256
3112,9110,100,206
3113,6579,55,514
3114,3411,9,175
3115,8821,53,816
3116,3536,12,43
3117,6019,83,854
3118,7079,77,305
3119,9836,58,683
3120,5433,6,204
3121,2787,46,730
3122,2988,99,860
3123,9880,93,274
3124,5026,68,270
3125,1341,9,592
3126,7950,75,743
3127,8319,79,477
3128,3765,80,279
3129,4807,87,841
3130,3679,19,28
3131,6630,93,447
3132,2064,85,198
3133,3460,36,796
3134,1373,41,201
3135,5635,89,880
3136,6603,49,749
3137,3943,30,229
3138,4357,41,941
3139,2301,41,178
3140,1301,42,875
3141,2047,86,33
3142,5720,55,694
3143,1231,49,32
3144,1219,46,102
3145,8480,74,946
3146,4846,3,922
3147,4046,63,228
3148,6826,5,537
3149,5070,25,743
3150,4393,65,291
3151,4719,34,833
3152,4871,57,505
3153,1992,24,62
3154,8773,17,152
3155,5293,2,553
3156,9612,19,134
3157,8147,12,636
3158,5758,43,161
3159,3194,74,960
3160,8877,4,103
3161,5204,2,276
3162,8818,17,506
3163,3572,94,72
3164,2763,19,254
3165,5147,85,278
3166,4025,69,28
3167,7882,86,990
3168,1791,11,733
3169,3260,96,83
3170,9993,28,472
3171,6519,100,70
3172,4762,97,304
3173,1047,84,686
3174,5605,91,20
3175,1958,55,707
3176,5900,35,796
3177,4235,37,877
3178,5080,87,474
3179,7127,26,849
3180,2611,96,552
3181,9495,83,561
3182,3957,20,14
3183,7617,55,319
3184,1287,88,930
3185,6674,74,779
3186,9338,31,223
3187,2321,34,167
3188,7034,57,108
3189,7620,44,848
3190,7671,67,906
3191,2851,92,424
3192,5124,34,1
3193,2148,0,462
3194,4905,96,770
3195,5486,14,614
3196,7040,39,626
3197,2947,9,159
3198,6890,79,756
3199,6405,32,281
3200,1400,42,965
3201,2897,48,173
3202,4221,2,969
3203,3771,9,100
3204,3784,92,863
3205,2175,66,295
3206,6366,3,341
3207,5982,4,639
3208,6024,89,360
3209,5741,86,684
3210,4024,87,495
3211,1880,93,959
3212,2858,12,183
3213,3886,21,790
3214,5139,33,793
3215,1771,27,132
3216,5887,60,823
3217,2304,96,32
3218,8733,17,498
3219,3731,66,699
3220,8117,98,850
3221,1368,95,387
3222,2479,83,880
3223,7920,43,998
3224,3323,49,933
3225,8102,45,438
3226,3466,9,43
3227,3972,62,769
3228,1615,79,571
3229,7293,89,621
3230,3762,45,608
3231,4570,47,430
3232,7662,42,597
3233,2047,33,700
3234,4323,60,803
3235,8065,51,652
3236,6789,49,289
3237,6798,1,108
3238,1835,83,543
3239,1519,87,564
3240,1120,61,410
3241,6190,21,301
3242,4288,1,770
3243,8225,81,437
3244,5040,30,688
3245,9050,47,316
3246,9083,95,988
3247,9979,13,408
3248,8697,18,72
3249,8260,11,767
3250,4700,32,983
3251,5235,11,566
3252,6652,59,175
3253,5984,68,127
3254,7750,75,957
3255,7131,57,561
3256,4641,94,938
3257,7827,6,966
3258,1422,98,438
3259,4807,67,296
3260,4409,78,577
3261,4369,40,26
3262,2440,77,776
3263,9307,41,104
3264,6698,65,21
3265,4965,18,817
3266,6505,50,923
3267,9049,31,943
3268,4475,83,246
3269,4965,30,549
3270,8852,62,252
3271,5506,51,971
3272,5530,58,873
3273,5677,25,617
3274,8638,66,738
3275,3027,48,227
3276,5060,50,481
3277,4243,7,669
3278,9012,99,159
3279,8530,80,804
3280,4164,66,413
3281,7211,1,951
3282,9911,47,113
3283,1953,68,783
3284,8935,73,594
3285,5508,82,507
3286,9366,29,744
3287,5699,3,977
3288,6367,35,65
3289,5915,88,365
3290,9924,34,881
3291,4173,65,92
3292,9149,42,292
3293,5038,83,69
3294,2803,98,724
3295,4799,36,412
3296,1979,96,12
3297,8740,89,538
3298,7137,31,171
3299,4779,77,253
3300,3969,99,94
3301,4940,15,378
3302,6104,23,60
3303,2437,7,563
3304,8488,21,686
3305,6827,24,849
3306,1307,25,887
3307,5020,28,874
3308,4166,87,675
3309,4938,2,784
3310,5695,85,675
3311,4272,66,888
3312,4089,28,357
3313,1663,98,808
3314,6968,22,133
3315,7109,8,663
3316,9998,28,548
3317,8659,46,911
3318,3285,78,354
3319,4095,84,24
3320,4443,30,442
3321,5557,40,979
3322,4982,7,495
3323,4127,5,117
3324,4763,83,523
3325,5613,59,389
3326,6508,77,421
3327,5790,15,917
3328,4633,2,587
3329,9060,18,601
3330,2049,15,506
3331,8183,10,997
3332,6208,83,352
3333,6202,92,835
3334,1056,20,598
3335,2297,78,493
3336,4346,25,401
3337,7631,50,235
3338,2687,64,362
3339,8582,52,754
3340,8502,12,310
3341,5591,33,237
3342,9980,97,335
3343,2542,98,979
3344,1623,70,961
3345,1720,19,122
3346,2397,93,717
3347,3103,2,422
3348,2610,99,405
3349,2446,76,363
3350,2012,70,634
3351,6353,30,459
3352,9631,31,509
3353,2778,77,176
3354,9602,85,981
3355,9366,27,394
3356,1683,47,543
3357,1926,38,268
3358,4059,32,803
3359,1743,32,393
3360,4605,12,611
3361,3444,17,764
3362,5233,54,240
3363,7133,34,888
3364,7327,22,469
3365,5215,4,496
3366,5485,26,930
3367,3863,29,361
3368,1574,97,346
3369,7914,26,505
3370,6330,93,194
3371,4263,13,842
3372,9021,70,122
3373,4105,81,11
3374,1723,38,443
3375,3234,28,78
3376,9806,13,362
3377,4550,23,165
3378,5424,11,352
3379,1976,86,803
3380,6810,99,693
3381,8253,5,528
3382,1828,44,168
3383,5992,47,261
3384,4347,66,482
3385,1201,29,580
3386,1953,60,861
3387,2760,96,315
3388,8078,14,785
3389,8720,59,625
3390,8968,39,772
3391,3684,15,600
3392,8494,76,489
3393,3476,57,349
3394,3843,53,342
3395,1838,43,470
3396,6966,78,357
3397,2589,39,113
3398,2708,89,928
3399,3701,46,518
3400,4766,81,161
3401,9332,66,945
3402,5252,42,999
3403,6489,59,411
3404,6642,16,239
3405,1833,84,732
3406,3628,59,576
3407,4733,2,168
3408,8263,93,237
3409,2687,23,233
3410,1663,63,414
3411,6174,42,919
3412,7606,29,403
3413,5214,44,476
3414,9090,41,44
3415,9092,96,620
3416,6357,27,657
3417,9515,37,839
3418,8595,64,614
3419,5823,24,105
3420,8620,63,375
3421,8187,30,556
3422,5594,21,42
3423,8892,37,212
3424,4252,79,408
3425,7110,85,162
3426,8261,24,595
3427,9216,42,886
3428,2502,64,552
3429,4217,81,310
3430,7360,56,129
3431,2637,70,229
3432,8866,32,29
3433,6372,43,333
3434,1628,30,514
3435,2090,57,100
3436,3254,7,20
3437,9342,63,895
3438,4174,98,509
3439,3216,35,914
3440,2273,2,581
3441,8502,72,415
3442,6427,7,632
3443,6018,26,177
3444,8975,80,456
3445,5452,67,920
3446,7473,5,87
3447,2221,55,176
3448,2551,72,641
3449,4775,99,162
3450,7320,95,536
3451,3473,37,52
3452,3715,12,833
3453,9040,72,261
3454,7074,3,756
3455,3439,55,418
3456,2951,56,167
3457,5127,66,805
3458,5265,81,672
3459,1292,89,880
3460,9582,23,822
3461,4677,41,888
3462,2384,69,644
3463,5749,44,741
3464,4936,82,448
3465,7587,99,236
3466,6795,82,594
3467,1076,2,382
3468,6783,42,450
3469,1417,9,709
3470,1922,67,290
3471,4882,99,731
3472,8700,74,929
3473,6657,80,821
3474,7491,89,621
3475,8541,38,890
3476,8700,76,165
3477,3997,32,980
3478,6191,29,624
3479,2507,90,18
3480,6168,4,51
3481,2566,89,475
3482,3080,19,275
3483,7736,23,811
3484,9509,98,145
3485,2903,88,116
3486,7089,59,331
3487,7886,44,92
3488,2784,34,805
3489,5610,88,133
3490,5557,84,131
3491,3499,16,493
3492,3054,56,95
3493,1993,12,53
3494,5267,25,17
3495,6911,70,287
3496,3930,9,224
3497,1432,0,14
3498,1321,74,983
3499,4558,93,561
3500,2359,60,745
3501,7057,25,484
3502,6208,68,936
3503,7954,57,948
3504,1296,60,128
3505,9953,35,588
3506,5025,63,117
3507,9341,92,897
3508,6230,47,304
3509,1866,100,185
3510,4006,19,952
3511,4335,82,218
3512,5337,69,119
3513,1607,31,35
3514,9986,0,368
3515,2347,66,567
3516,9649,23,221
3517,8615,92,906
3518,6165,76,917
3519,7119,24,554
3520,1294,63,211
3521,5541,99,26
3522,7770,8,118
3523,1443,86,669
3524,6270,19,458
3525,3405,44,119
3526,7578,72,296
3527,1018,22,11
3528,1383,74,942
3529,9124,97,515
3530,1934,40,10
3531,9823,38,540
3532,8150,18,977
3533,1480,97,941
3534,9448,50,734
3535,5914,55,413
3536,3934,76,571
3537,9253,31,109
3538,5123,23,209
3539,5964,49,639
3540,9587,37,577
3541,6058,8,933
3542,9756,15,638
3543,9575,84,295
3544,5537,98,85
3545,8219,98,819
3546,8848,11,239
3547,3914,0,175
3548,3520,65,135
3549,6001,28,285
3550,6606,31,172
3551,5747,100,876
3552,6914,53,281
3553,7664,93,692
3554,9999,9,665
3555,4606,4,343
3556,1087,41,696
3557,4136,56,340
3558,5893,57,802
3559,7757,62,40
3560,3720,28,265
3561,8014,69,379
3562,4986,94,658
3563,2033,42,288
3564,4754,98,754
3565,5811,63,672
3566,2602,20,708
3567,8033,29,885
3568,3837,59,962
3569,9485,8,798
3570,4346,43,104
3571,7592,52,156
3572,1461,58,850
3573,6485,25,266
3574,1290,75,218
3575,8196,36,986
3576,8368,16,269
3577,7482,7,593
3578,1168,6,894
3579,7917,11,252
3580,6240,42,653
3581,8564,49,318
3582,9262,7,720
3583,6170,49,40
3584,9427,82,295
3585,3628,0,755
3586,4734,11,154
3587,1338,7,892
3588,8864,19,57
3589,6090,48,846
3590,3636,88,823
3591,3538,67,254
3592,7716,15,939
3593,7519,17,270
3594,5596,88,727
3595,7523,44,372
3596,9045,83,3
3597,1468,94,982
3598,2173,47,851
3599,6607,74,341
3600,2350,96,317
3601,1947,43,865
3602,5878,66,130
3603,4819,82,551
3604,6579,79,681
3605,8045,30,934
3606,1839,44,964
3607,9887,97,10
3608,8318,87,534
3609,6147,26,687
3610,3379,19,231
3611,6012,37,550
3612,9435,59,240
3613,5561,36,709
3614,7059,31,687
3615,8581,39,17
3616,3737,31,237
3617,2377,99,239
3618,5157,76,859
3619,5705,49,683
3620,1162,53,645
3621,2388,34,171
3622,2775,62,613
3623,1096,85,910
3624,8803,71,946
3625,6654,31,876
3626,5510,39,673
3627,7037,51,424
3628,5398,26,653
3629,6779,38,741
3630,1979,31,657
3631,3956,54,508
3632,2703,8,195
3633,3533,13,772
3634,5903,1,968
3635,3108,83,529
3636,5638,42,792
3637,6848,14,259
3638,1109,28,421
3639,7358,37,1000
3640,2460,5,289
3641,4495,55,147
3642,2536,57,497
3643,1495,8,348
3644,2465,74,983
3645,5160,38,107
3646,9471,3,707
3647,2658,21,757
3648,4636,20,242
3649,5686,11,816
3650,9149,88,403
3651,1642,37,221
3652,6347,12,564
3653,6902,55,493
3654,7053,39,238
3655,8423,99,320
3656,4997,53,119
3657,3732,80,141
3658,9166,95,73
3659,8423,75,214
3660,2926,95,560
3661,7519,44,302
3662,5914,32,129
3663,9888,37,27
3664,1714,53,702
3665,6667,46,777
3666,1460,56,953
3667,4099,96,393
3668,6605,45,365
3669,4990,8,272
3670,4650,36,868
3671,5882,29,340
3672,4521,62,23
3673,7173,43,583
3674,5697,59,293
3675,2838,51,598
3676,5193,62,204
3677,6048,74,494
3678,3280,44,612
3679,5411,65,893
3680,5733,0,688
3681,1699,68,790
3682,3214,58,531
3683,9189,43,842
3684,3685,79,541
3685,1647,62,395
3686,9063,20,425
3687,1767,60,403
3688,2667,26,602
3689,3969,47,569
3690,8933,23,86
3691,6705,84,268
3692,8476,71,972
3693,6985,45,122
3694,1651,13,1000
3695,4307,35,521
3696,7087,80,788
3697,4910,2,159
3698,9591,1,237
3699,3071,53,744
3700,3648,12,976
3701,5480,44,109
3702,4327,68,553
3703,9220,49,93
3704,3814,82,765
3705,5894,55,626
3706,5308,79,641
3707,3849,57,13
3708,2451,56,149
3709,2058,32,800
3710,4046,47,40
3711,8566,53,504
3712,5059,19,261
3713,1626,32,185
3714,2856,24,106
3715,7866,90,713
3716,4784,6,537
3717,4160,77,869
3718,6405,59,479
3719,3400,35,136
3720,6836,44,315
3721,6108,97,152
3722,3106,76,529
3723,5315,7,18
3724,8632,5,833
3725,3616,42,527
3726,2406,43,744
3727,2301,33,63
3728,4644,31,414
3729,5885,5,685
3730,3190,94,629
3731,3714,99,549
3732,5976,57,667
3733,2541,46,81
3734,6012,38,997
3735,4155,86,75
3736,7002,93,862
3737,3202,65,628
3738,5514,66,383
3739,6048,55,905
3740,9575,12,691
3741,7773,26,824
3742,1411,8,833
3743,4877,70,422
3744,8998,100,730
3745,6272,1,282
3746,3203,44,344
3747,1761,12,835
3748,4914,7,136
3749,2656,47,10
3750,9295,76,598
3751,3154,95,638
3752,3881,86,722
3753,4262,96,675
3754,8143,83,801
3755,1326,87,729
3756,2482,95,14
3757,7605,3,559
3758,4474,31,336
3759,3822,74,477
3760,6563,84,620
3761,6818,11,917
3762,7922,99,55
3763,9819,81,377
3764,3227,88,637
3765,7919,27,142
3766,1193,51,687
3767,4798,46,248
3768,3941,35,433
3769,2776,20,268
3770,1619,20,247
3771,7827,23,953
3772,3638,93,470
3773,1993,83,5
3774,7326,13,567
3775,5423,48,929
3776,8519,29,406
3777,6744,4,919
3778,7846,62,118
3779,2674,49,807
3780,2157,48,922
3781,3568,3,860
3782,9189,71,560
3783,7350,53,550
3784,6528,79,670
3785,9838,60,176
3786,9730,44,190
3787,6680,55,425
3788,4851,17,853
3789,5592,27,361
3790,8465,53,720
3791,8006,1,730
3792,3140,5,221
3793,6762,66,974
3794,8539,76,262
3795,9122,5,323
3796,2620,58,245
3797,1499,8,883
3798,4366,72,847
3799,6447,66,625
3800,5767,24,677
3801,5056,61,20
3802,9623,99,312
3803,1218,51,670
3804,3751,37,214
3805,2968,55,729
3806,5286,51,88
3807,5003,44,983
3808,2245,59,915
3809,4280,19,961
3810,8306,99,114
3811,1277,65,525
3812,2025,25,567
3813,7775,63,866
3814,4390,61,109
3815,2098,96,656
3816,2395,40,712
3817,5149,95,488
3818,5948,42,336
3819,8266,25,569
3820,1298,10,308
3821,8200,9,253
3822,7761,69,113
3823,7853,63,310
3824,4557,3,883
3825,9839,79,696
3826,9792,55,183
3827,1000,37,620
3828,4032,92,84
3829,1923,99,72
3830,4106,67,741
3831,1493,24,833
3832,4273,25,339
3833,8387,59,307
3834,6453,63,546
3835,1430,63,864
3836,6922,22,650
3837,8624,63,251
3838,4332,28,446
3839,5211,19,296
3840,2920,48,655
3841,5184,14,529
3842,8495,89,678
3843,3114,89,791
3844,1300,47,279
3845,9910,48,812
3846,9748,65,956
3847,4767,25,259
3848,2218,25,248
3849,5266,53,236
3850,4037,83,536
3851,7845,94,153
3852,4656,25,572
3853,8966,96,658
3854,5827,57,466
3855,4548,31,387
3856,2352,17,44
3857,9769,92,483
3858,5059,89,804
3859,2235,10,332
3860,1849,13,138
3861,7511,43,582
3862,5534,95,66
3863,7816,32,549
3864,2138,24,243
3865,1409,93,113
3866,7735,50,269
3867,5773,79,942
3868,6503,74,668
3869,4177,0,699
3870,8816,37,496
3871,2894,36,29
3872,2105,76,339
3873,8593,21,998
3874,8557,5,506
3875,3441,14,163
3876,9272,22,585
3877,5517,73,195
3878,2653,34,317
3879,3518,30,575
3880,1315,69,758
3881,5166,81,995
3882,4237,96,133
3883,9815,89,3
3884,4956,81,693
3885,4177,79,714
3886,7903,30,932
3887,2137,14,342
3888,5412,35,457
3889,4640,39,223
3890,7714,69,764
3891,2716,96,354
3892,2262,88,87
3893,4567,59,459
3894,9082,71,558
3895,5088,72,832
3896,4626,30,221
3897,7361,29,982
3898,8715,42,922
3899,4505,98,448
3900,3279,5,546
3901,9220,25,145
3902,6170,66,759
3903,4228,14,790
3904,8014,27,295
3905,3243,74,303
3906,3028,46,645
3907,4082,45,337
3908,9197,33,782
3909,1891,100,613
3910,9810,51,912
3911,5533,16,574
3912,2664,65,498
3913,2353,69,436
3914,1876,94,663
3915,5754,22,773
3916,1502,100,254
3917,5802,31,892
3918,2308,73,237
3919,3854,47,546
3920,6514,27,186
3921,4066,57,132
3922,4990,41,823
3923,3275,86,879
3924,4127,24,2
3925,6610,73,928
3926,7958,16,919
3927,4237,26,256
3928,9890,99,720
3929,6316,85,411
3930,6642,35,832
3931,2752,42,687
3932,4770,4,797
3933,1097,25,765
3934,6833,26,794
3935,2341,92,402
3936,3754,23,555
3937,6701,13,638
3938,1371,88,567
3939,2342,80,842
3940,9065,86,558
3941,7241,92,611
3942,8235,73,430
3943,7486,3,669
3944,2825,74,35
3945,4466,13,489
3946,3281,12,711
3947,2108,41,23
3948,3566,31,161
3949,7328,53,840
3950,2908,1,775
3951,4257,66,509
3952,6785,9,70
3953,9802,89,147
3954,1583,60,94
3955,7385,26,234
3956,6573,44,956
3957,1072,98,549
3958,7986,98,591
3959,8215,39,845
3960,6432,7,662
3961,1409,22,990
3962,5388,95,143
3963,8284,28,867
3964,6534,69,93
3965,4903,99,679
3966,4327,9,665
3967,2921,47,673
3968,2010,7,767
3969,8832,13,986
3970,9283,21,792
3971,4627,81,38
3972,4910,31,761
3973,2294,83,837
3974,9487,75,598
3975,6375,57,727
3976,6012,64,715
3977,9441,32,337
3978,5941,58,284
3979,4735,31,538
3980,8461,80,84
3981,9620,98,382
3982,4109,95,210
3983,4700,9,799
3984,6009,34,799
3985,4894,98,226
3986,8116,20,40
3987,3156,83,580
3988,6463,99,878
3989,7674,0,827
3990,5229,39,285
3991,5534,69,304
3992,5879,56,117
3993,2681,41,264
3994,5056,79,424
3995,3812,95,723
3996,8333,24,265
3997,2342,14,879
3998,5482,23,636
3999,9448,91,325
4000,5824,41,658
4001,3171,97,818
4002,3085,30,729
4003,1987,76,580
4004,9195,48,470
4005,1459,30,116
4006,5671,77,344
4007,9922,69,825
4008,4259,36,728
4009,4816,74,187
4010,4272,72,742
4011,6666,86,309
4012,6162,66,320
4013,9829,49,447
4014,7168,88,708
4015,2485,30,129
4016,4018,90,67
4017,9527,6,658
4018,1911,27,781
4019,2574,47,140
4020,9933,36,158
4021,2048,74,136
4022,5833,14,913
4023,4426,59,857
4024,6972,50,630
4025,7932,55,105
4026,6608,13,825
4027,8151,18,360
4028,1198,85,611
4029,4176,21,997
4030,3443,21,244
4031,5890,20,595
4032,4659,52,429
4033,1247,88,400
4034,1022,11,441
4035,8644,90,260
4036,4425,72,159
4037,4591,75,910
4038,4740,3,332
4039,2406,10,262
4040,3021,15,579
4041,3724,95,273
4042,1850,79,261
4043,4268,63,553
4044,4221,81,629
4045,6020,68,137
4046,9349,96,407
4047,4246,86,427
4048,1837,100,651
4049,4644,30,220
4050,8678,36,790
4051,4101,60,971
4052,9320,36,884
4053,8273,93,29
4054,2252,41,428
4055,4451,87,871
4056,1345,45,593
4057,7097,44,874
4058,4002,51,621
4059,3527,69,481
4060,4130,47,817
4061,9842,28,841
4062,5361,59,992
4063,4240,49,638
4064,6028,16,664
4065,3491,47,787
4066,8577,98,40
4067,8696,53,472
4068,4302,52,226
4069,5299,58,325
4070,4884,82,267
4071,5130,46,548
4072,1339,44,11
4073,6368,22,386
4074,4947,58,978
4075,1623,88,390
4076,8623,14,394
4077,5473,63,429
4078,8996,16,946
4079,2870,44,604
4080,6305,94,407
4081,1861,88,174
4082,2826,89,122
4083,1235,86,497
4084,6231,75,306
4085,2414,76,699
4086,9255,99,981
4087,1122,27,467
4088,4445,45,941
4089,7408,63,489
4090,9359,67,969
4091,7571,83,319
4092,6863,22,804
4093,7463,24,859
4094,1470,97,657
4095,2048,47,356
4096,3865,46,955
4097,9632,84,523
4098,1853,92,599
4099,9413,77,365
4100,4805,65,536
4101,1335,1,103
4102,7911,27,285
4103,1888,63,411
4104,3372,88,386
4105,2546,23,38
4106,1298,38,77
4107,2914,8,3
4108,7623,84,769
4109,9219,48,475
4110,6228,71,470
4111,3805,79,788
4112,2383,21,199
4113,6324,33,882
4114,3227,62,257
4115,3486,68,205
4116,9010,2,598
4117,2518,38,209
4118,7385,10,229
4119,5045,58,980
4120,3377,90,924
4121,2467,99,128
4122,7959,32,383
4123,1323,33,778
4124,5175,80,116
4125,2677,54,372
4126,6848,83,981
4127,1123,90,565
4128,9460,90,206
4129,5766,51,712
4130,1417,33,701
4131,2709,51,998
4132,5411,32,577
4133,4738,41,702
4134,8407,29,792
4135,7031,88,493
4136,3632,91,838
4137,5122,52,301
4138,3264,61,628
4139,8501,80,945
4140,5213,22,760
4141,1203,69,300
4142,2246,95,90
4143,2683,19,789
4144,6453,84,971
4145,3775,67,422
4146,8377,0,260
4147,8936,45,415
4148,8970,81,866
4149,6314,4,798
4150,5268,62,98
4151,1549,73,427
4152,5132,98,332
4153,8935,74,454
4154,5778,16,726
4155,1927,86,753
4156,2274,100,760
4157,5268,1,874
4158,5585,84,982
4159,1762,19,834
4160,6453,41,400
4161,1052,54,178
4162,6766,73,122
4163,4367,92,257
4164,9802,100,300
4165,4692,96,377
4166,5266,12,470
4167,8935,22,719
4168,4287,2,584
4169,1097,12,503
4170,7902,95,57
4171,3384,22,527
4172,3121,18,840
4173,1584,67,870
4174,2562,82,190
4175,3768,13,628
4176,5413,17,210
4177,5558,37,436
4178,7235,19,314
4179,2840,35,49
4180,3462,42,140
4181,5977,17,348
4182,4302,27,718
4183,3291,67,808
4184,7750,80,502
4185,2847,29,226
4186,5719,38,751
4187,1471,19,812
4188,1639,35,674
4189,6541,7,503
4190,1543,67,876
4191,7819,27,179
4192,1602,33,66
4193,6483,30,610
4194,2788,100,222
4195,8347,63,558
4196,3929,29,123
4197,7903,38,863
4198,8162,12,430
4199,3464,56,163
4200,6858,65,848
4201,3767,9,997
4202,5961,40,675
4203,2203,96,502
4204,9812,31,409
4205,6275,51,259
4206,2232,62,354
4207,7276,50,84
4208,7887,92,717
4209,1082,40,283
4210,3691,70,955
4211,9094,23,88
4212,6270,77,916
4213,5436,96,146
4214,3736,96,721
4215,6645,6,570
4216,1463,52,618
4217,4528,82,158
4218,7615,29,561
4219,3683,72,284
4220,1254,98,952
4221,7712,39,801
4222,7971,35,149
4223,6176,62,831
4224,3557,34,741
4225,7882,33,110
4226,6603,72,250
4227,2249,40,222
4228,4248,41,548
4229,3984,25,2
4230,3381,4,825
4231,8042,76,417
4232,3216,42,702
4233,4491,43,925
4234,6356,73,682
4235,1006,82,846
4236,7022,21,259
4237,3099,88,177
4238,7088,79,207
4239,5447,37,75
4240,4545,72,604
4241,5354,7,650
4242,1791,27,375
4243,2770,44,887
4244,1218,31,84
4245,6299,76,120
4246,4594,34,9
4247,5781,91,145
4248,9320,41,872
4249,5909,40,289
4250,8227,60,916
4251,5931,95,401
4252,5839,65,619
4253,3748,75,954
4254,1356,63,259
4255,2736,86,471
4256,5550,1,342
4257,1210,83,879
4258,5954,85,805
4259,5848,61,865
4260,7648,22,616
4261,3306,27,809
4262,6684,75,773
4263,8349,61,217
4264,2586,47,762
4265,1533,46,688
4266,8462,44,327
4267,4250,12,206
4268,4453,76,413
4269,9633,26,50
4270,2810,68,572
4271,8849,94,809
4272,2717,11,759
4273,2447,87,483
4274,2512,49,351
4275,4044,12,860
4276,5867,26,691
4277,1389,61,837
4278,6444,97,688
4279,1658,45,646
4280,5488,89,767
4281,3284,88,147
4282,1241,11,392
4283,8224,74,690
4284,3083,33,163
4285,2066,76,17
4286,1036,57,701
4287,7658,66,994
4288,8467,32,32
4289,2954,28,605
4290,8587,45,608
4291,6258,73,470
4292,4824,21,223
4293,4915,81,172
4294,3982,14,132
4295,3322,74,50
4296,6382,86,955
4297,7919,9,711
4298,6046,32,49
4299,7493,87,294
4300,3779,52,57
4301,5133,84,637
4302,6389,79,314
4303,2770,29,639
4304,6547,3,149
4305,1337,89,981
4306,3062,5,546
4307,8036,22,23
4308,5976,3,784
4309,1746,82,275
4310,6702,12,133
4311,8492,57,937
4312,4559,18,889
4313,4477,70,51
4314,1041,1,222
4315,9976,35,744
4316,2177,96,232
4317,1297,16,757
4318,4353,41,172
4319,5128,24,513
4320,1014,12,818
4321,1203,29,305
4322,1868,52,498
4323,1535,5,550
4324,2208,9,960
4325,8075,9,387
4326,4893,5,30
4327,1223,66,388
4328,1302,40,218
4329,7575,63,440
4330,7805,85,105
4331,5008,52,887
4332,6247,52,301
4333,5070,47,105
4334,1290,53,727
4335,9523,84,669
4336,6601,29,56
4337,1991,1,904
4338,7272,3,977
4339,9970,6,689
4340,4882,53,36
4341,3860,80,817
4342,2023,13,457
4343,8754,55,25
4344,6406,77,364
4345,9449,41,579
4346,4173,75,453
4347,1012,37,59
4348,3585,76,634
4349,9986,41,280
4350,6500,43,103
4351,9889,44,355
4352,9087,64,483
4353,9645,16,177
4354,2862,21,435
4355,3909,37,520
4356,4665,63,349
4357,3267,31,158
4358,1415,32,330
4359,3037,59,848
4360,8698,45,871
4361,1725,38,349
4362,3899,99,637
4363,9172,25,361
4364,3233,4,418
4365,3901,17,800
4366,9897,34,149
4367,6746,38,682
4368,8265,9,534
4369,5514,89,732
4370,6904,30,547
4371,1246,20,306
4372,1816,34,815
4373,6968,80,720
4374,4912,49,971
4375,6478,86,439
4376,6324,25,865
4377,8456,10,99
4378,4107,99,325
4379,9797,9,426
4380,6203,64,640
4381,5964,19,633
4382,4445,67,198
4383,5637,22,529
4384,4628,60,356
4385,2031,12,519
4386,7561,45,731
4387,5181,70,93
4388,1866,69,372
4389,8187,7,597
4390,5325,94,96
4391,7541,22,334
4392,1040,23,706
4393,8194,100,932
4394,5880,69,911
4395,4767,60,923
4396,9458,52,143
4397,2761,75,705
4398,3066,11,884
4399,4032,93,447
4400,3346,54,488
4401,2609,63,273
4402,7948,43,976
4403,5440,56,153
4404,2050,20,417
4405,2225,19,414
4406,1953,1,563
4407,9951,52,923
4408,4729,39,375
4409,1889,13,1
4410,6012,23,895
4411,4433,83,701
4412,2736,99,683
4413,3976,31,968
4414,5236,45,898
4415,5932,0,563
4416,6471,6,381
4417,7249,19,882
4418,5652,100,587
4419,8095,42,580
4420,8219,41,406
4421,4746,9,920
4422,3175,81,200
4423,2301,39,893
4424,6690,68,131
4425,4869,76,479
4426,6764,30,543
4427,2987,99,382
4428,2073,96,374
4429,8771,17,676
4430,6733,47,739
4431,2302,45,947
4432,4237,9,62
4433,1277,95,591
4434,5021,66,176
4435,7697,98,806
4436,2128,11,297
4437,1533,50,204
4438,5970,68,554
4439,1485,18,364
4440,1390,8,192
4441,1669,100,934
4442,6216,23,570
4443,6434,4,109
4444,8088,99,355
4445,9982,43,381
4446,5464,55,609
4447,5518,95,128
4448,2567,33,742
4449,2717,98,841
4450,8217,84,554
4451,2572,59,126
4452,9564,98,755
4453,8536,79,288
4454,3133,29,947
4455,3607,51,558
4456,9055,87,329
4457,1008,15,765
4458,5494,53,267
4459,8662,0,609
4460,6735,3,701
4461,5498,6,745
4462,6145,38,25
4463,6730,55,615
4464,4681,58,248
4465,4886,80,238
4466,1203,75,876
4467,9871,100,211
4468,6027,97,912
4469,2940,3,570
4470,9635,93,998
4471,3648,3,938
4472,4426,90,154
4473,2852,41,570
4474,9511,40,182
4475,3951,11,938
4476,4665,85,248
4477,3157,75,840
4478,3499,12,14
4479,5235,5,648
4480,9757,31,702
4481,9448,56,462
4482,7798,66,536
4483,5634,34,707
4484,9318,23,187
4485,5135,84,499
4486,9374,93,144
4487,6841,1,344
4488,1736,67,566
4489,1928,38,357
4490,7639,65,477
4491,8034,84,845
4492,4370,61,878
4493,3727,34,584
4494,3095,84,257
4495,8750,38,331
4496,6078,87,349
4497,9635,73,95
4498,8734,0,923
4499,4227,62,141
4500,5762,1,807
4501,6551,83,633
4502,4163,24,225
4503,6568,75,734
4504,5845,47,878
4505,8788,85,141
4506,6081,99,148
4507,2543,77,611
4508,8613,92,41
4509,4662,30,953
4510,4555,57,758
4511,4411,65,997
4512,2464,14,839
4513,2061,38,368
4514,2868,98,630
4515,6714,45,130
4516,3560,18,94
4517,4101,3,458
4518,6620,12,407
4519,3341,49,716
4520,7916,21,344
4521,5783,46,617
4522,2767,29,613
4523,2214,20,858
4524,1340,67,583
4525,8689,59,273
4526,3688,28,984
4527,6585,28,190
4528,3413,49,215
4529,7788,18,528
4530,6549,98,53
4531,4366,99,207
4532,6549,13,755
4533,1846,0,151
4534,3083,0,299
4535,4629,26,824
4536,6008,65,365
4537,9200,97,600
4538,3573,59,235
4539,3948,0,81
4540,3579,81,184
4541,6336,23,736
4542,3393,7,763
4543,3398,93,260
4544,5232,1,271
4545,2002,36,975
4546,1059,7,443
4547,9421,65,804
4548,9179,53,867
4549,6906,45,550
4550,1205,92,248
4551,8537,53,585
4552,5131,21,320
4553,2861,29,392
4554,1838,93,305
4555,3257,91,87
4556,3581,75,192
4557,4601,53,765
4558,9337,47,728
4559,8482,0,40
4560,5788,60,236
4561,8211,66,699
4562,9745,29,355
4563,4598,72,847
4564,4877,60,463
4565,4824,43,525
4566,9467,30,787
4567,5472,41,727
4568,3930,77,852
4569,2102,49,457
4570,7261,51,867
4571,7469,15,899
4572,6948,71,211
4573,3468,41,381
4574,5549,0,148
4575,3572,36,744
4576,5261,34,663
4577,2319,45,419
4578,3699,7,7
4579,2697,33,200
4580,2262,42,523
4581,8775,82,725
4582,7706,79,220
4583,6815,33,312
4584,8806,18,621
4585,1441,97,322
4586,6276,69,235
4587,5325,85,965
4588,3923,69,11
4589,2895,72,186
4590,8469,79,977
4591,8947,4,642
4592,2965,57,117
4593,3597,87,254
4594,9114,43,36
4595,8341,24,333
4596,3969,69,794
4597,2166,33,332
4598,6931,58,457
4599,2295,30,180
4600,4443,8,894
4601,1415,59,482
4602,6415,18,284
4603,7890,93,986
4604,3606,38,427
4605,3097,38,953
4606,5406,14,73
4607,7334,88,199
4608,1336,59,759
4609,4357,49,396
4610,9043,66,243
4611,6968,38,927
4612,7401,85,542
4613,2611,60,881
4614,2547,68,147
4615,9886,23,9
4616,9252,56,225
4617,1244,77,303
4618,9360,8,738
4619,1985,99,595
4620,7008,75,270
4621,6914,82,305
4622,7891,33,25
4623,6043,34,740
4624,8520,26,105
4625,3245,26,938
4626,1376,38,424
4627,6186,78,306
4628,4785,97,307
4629,7767,92,19
4630,7171,43,349
4631,4787,36,366
4632,5267,21,353
4633,8818,95,465
4634,5931,51,151
4635,9099,29,790
4636,9643,29,992
4637,6712,5,154
4638,8126,36,667
4639,5874,0,593
4640,9592,46,847
4641,4828,71,858
4642,6509,100,886
4643,6761,51,120
4644,7692,78,796
4645,5303,36,552
4646,3159,70,515
4647,6718,59,235
4648,2597,57,650
4649,7750,60,559
4650,3139,18,271
4651,6749,38,841
4652,6211,1,363
4653,1523,20,531
4654,7882,81,602
4655,5322,99,525
4656,1916,34,530
4657,9280,6,680
4658,3947,40,968
4659,9364,93,702
4660,2790,97,491
4661,8740,69,209
4662,2427,78,8
4663,5661,88,222
4664,9243,12,407
4665,9127,57,760
4666,1171,9,715
4667,2160,12,662
4668,7955,5,298
4669,1249,83,97
4670,5179,94,25
4671,3642,39,111
4672,8821,11,990
4673,5507,91,317
4674,6207,83,328
4675,1476,6,516
4676,5200,4,621
4677,4419,64,916
4678,9360,88,622
4679,2767,34,999
4680,4857,49,961
4681,3806,71,266
4682,7518,58,640
4683,3697,62,705
4684,1645,75,144
4685,5265,48,678
4686,9107,70,707
4687,4360,7,406
4688,3737,49,262
4689,1897,54,503
4690,4867,96,235
4691,4749,8,56
4692,9182,9,763
4693,4644,95,400
4694,1482,27,945
4695,1187,1,364
4696,6330,71,542
4697,4456,5,437
4698,2422,23,113
4699,2009,9,714
4700,6869,39,896
4701,9859,99,303
4702,4582,36,283
4703,6108,60,385
4704,4168,9,637
4705,9306,81,5
4706,2946,39,314
4707,1456,48,218
4708,5492,92,512
4709,5046,82,556
4710,8668,22,499
4711,3817,44,756
4712,3705,39,534
4713,1092,39,928
4714,8398,37,8
4715,2621,92,17
4716,6621,5,862
4717,4133,42,971
4718,5702,20,77
4719,4293,45,774
4720,9455,66,718
4721,1654,31,918
4722,6407,21,377
4723,5620,89,737
4724,5900,5,696
4725,1024,44,727
4726,5201,48,176
4727,9895,9,87
4728,3841,34,791
4729,3819,82,362
4730,5363,59,296
4731,4990,13,731
4732,2753,19,267
4733,1910,30,163
4734,6431,42,546
4735,5002,2,262
4736,9128,43,940
4737,3667,5,946
4738,9694,91,939
4739,1687,29,627
4740,5408,81,430
4741,1649,24,464
4742,3756,84,379
4743,1908,57,715
4744,1628,26,57
4745,9890,40,770
4746,7310,22,956
4747,6953,58,673
4748,7027,58,228
4749,4870,60,739
4750,1187,98,414
4751,7977,81,934
4752,2359,24,858
4753,7175,1,463
4754,2000,73,970
4755,6665,46,480
4756,8613,9,333
4757,1104,42,270
4758,7224,86,686
4759,3800,45,975
4760,7742,6,961
4761,7224,28,190
4762,5139,50,640
4763,1087,66,257
4764,5175,93,588
4765,4219,46,780
4766,9365,7,885
4767,1378,95,575
4768,6317,35,667
4769,1627,75,957
4770,9346,68,187
4771,8792,96,743
4772,9221,94,959
4773,8747,84,504
4774,8768,36,532
4775,2336,42,995
4776,3002,46,530
4777,7005,29,110
4778,8477,30,886
4779,7998,45,170
4780,8416,85,116
4781,6133,57,21
4782,4089,59,465
4783,3828,58,174
4784,6160,47,490
4785,9917,81,465
4786,9006,29,407
4787,8444,17,550
4788,6267,74,872
4789,1859,58,981
4790,2271,13,266
4791,9245,12,757
4792,2819,54,710
4793,9352,94,833
4794,8590,13,873
4795,9228,19,971
4796,5976,86,424
4797,1354,76,60
4798,4802,19,180
4799,1246,82,67
4800,4008,61,898
4801,5829,92,876
4802,8727,99,930
4803,5035,89,165
4804,9242,0,147
4805,9005,32,947
4806,8696,36,201
4807,8189,14,237
4808,2556,23,728
4809,8919,76,221
4810,4050,61,317
4811,5466,43,68
4812,7610,52,324
4813,6098,88,192
4814,3482,32,171
4815,8286,21,533
4816,8618,58,198
4817,8936,70,740
4818,8249,94,967
4819,1925,18,115
4820,6773,52,211
4821,6945,57,683
4822,4837,40,372
4823,2832,19,145
4824,2744,19,236
4825,7411,2,227
4826,2180,89,844
4827,6678,75,850
4828,6963,74,810
4829,9027,12,386
4830,9004,67,976
4831,7709,64,3
4832,7288,41,721
4833,2743,60,32
4834,8358,50,89
4835,8088,57,326
4836,7751,95,970
4837,3303,100,475
4838,1843,44,359
4839,8812,16,992
4840,5905,22,740
4841,1872,31,168
4842,6878,53,657
4843,7478,65,62
4844,1707,53,349
4845,7084,60,342
4846,1052,81,750
4847,2816,73,964
4848,4453,64,109
4849,5119,66,664
4850,5177,38,51
4851,1252,60,102
4852,3548,11,636
4853,2236,1,915
4854,9268,76,500
4855,4648,18,66
4856,5075,85,284
4857,2976,41,332
4858,1372,99,984
4859,2875,73,238
4860,1216,43,705
4861,9700,36,13
4862,4012,10,624
4863,1823,46,558
4864,1901,63,71
4865,7673,35,314
4866,8917,70,543
4867,4800,1,721
4868,7301,74,99
4869,4272,98,408
4870,3058,79,488
4871,9339,79,797
4872,5785,52,502
4873,6008,5,341
4874,8737,56,667
4875,3563,49,376
4876,4235,95,615
4877,1931,53,662
4878,9960,26,153
4879,3368,32,866
4880,3898,61,432
4881,1187,10,637
4882,7933,75,946
4883,2673,19,343
4884,8974,47,132
4885,9818,41,778
4886,5914,92,115
4887,2341,33,665
4888,9958,20,910
4889,2687,74,132
4890,4488,32,149
4891,6668,61,310
4892,9784,63,460
4893,9824,37,71
4894,3178,77,908
4895,6739,47,661
4896,3176,21,661
4897,1756,49,632
4898,4781,73,453
4899,3353,2,447
4900,5643,60,832
4901,7456,52,704
4902,7734,48,571
4903,6931,63,868
4904,3285,48,190
4905,2230,85,86
4906,4795,56,994
4907,1351,39,372
4908,4529,29,706
4909,2393,70,984
4910,1982,36,532
4911,2456,4,160
4912,2913,25,920
4913,7459,7,547
4914,2894,92,756
4915,4381,23,967
4916,8709,52,914
4917,1227,32,857
4918,4208,91,185
4919,8351,90,765
4920,4657,49,714
4921,2786,83,403
4922,9310,62,244
4923,5778,52,306
4924,3217,50,428
4925,1989,77,399
4926,2934,76,420
4927,5563,87,152
4928,1328,0,283
4929,6496,92,620
4930,8485,12,633
4931,4876,63,431
4932,4033,90,463
4933,2152,69,268
4934,9804,78,792
4935,3005,72,940
4936,4612,47,60
4937,5346,76,538
4938,7684,9,638
4939,7188,33,704
4940,8357,46,134
4941,4971,27,84
4942,1437,38,848
4943,5846,82,909
4944,3968,81,98
4945,9088,23,842
4946,7524,38,473
4947,7902,22,934
4948,4145,36,56
4949,7984,62,72
4950,3126,50,180
4951,9838,27,943
4952,2090,69,608
4953,7110,26,641
4954,4087,83,364
4955,7867,56,835
4956,3806,45,817
4957,2075,84,405
4958,4719,53,953
4959,2958,46,854
4960,9693,65,505
4961,9924,48,237
4962,5031,56,789
4963,4137,38,970
4964,4000,100,913
4965,2336,56,340
4966,1055,82,144
4967,8999,13,894
4968,6326,69,215
4969,2461,4,392
4970,5731,52,184
4971,9520,35,628
4972,3759,82,642
4973,3852,24,842
4974,7423,8,260
4975,8100,44,698
4976,1729,46,881
4977,8522,2,226
4978,2055,53,746
4979,1245,46,339
4980,6641,93,324
4981,2056,84,519
4982,5955,93,542
4983,6522,34,455
4984,8763,17,815
4985,6566,12,438
4986,1691,30,421
4987,5937,0,801
4988,4572,47,67
4989,3107,13,977
4990,7823,12,34
4991,1380,74,344
4992,4959,14,974
4993,4441,48,234
4994,9809,3,209
4995,4313,34,888
4996,4806,56,566
4997,4199,57,336
4998,2046,79,50
4999,3915,21,129
