0,0,0
78,1,0
215,2,0
273,3,0
294,4,0
333,5,0
423,6,0
561,7,0
586,8,0
730,9,0
742,10,0
817,11,0
905,12,0
918,13,0
921,14,0
1113,15,0
1133,16,0
1141,17,0
1193,18,0
1367,19,0
1452,20,0
1573,21,0
1707,22,0
1893,23,0
1995,24,0
2040,25,0
2086,26,0
2337,27,0
2383,28,0
2431,29,0
2432,30,0
2505,31,0
2791,32,0
3063,33,0
3073,34,0
3193,35,0
3497,36,0
3514,37,0
3547,38,0
3585,39,0
3680,40,0
3869,41,0
3989,42,0
4146,43,0
4415,44,0
4459,45,0
4498,46,0
4533,47,0
4534,48,0
4539,49,0
4559,50,0
4574,51,0
4639,52,0
4804,53,0
4928,54,0
4987,55,0
25,56,1
289,57,1
305,58,1
473,59,1
799,60,1
931,61,1
1215,62,1
1318,63,1
1330,64,1
1394,27,1
1439,36,14
1457,4,23
1800,19,28
1810,50,40
1989,3,53
2215,49,81
2261,17,99
2294,26,108
2415,32,111
2418,2,122
2419,12,125
2434,27,129
2435,59,145
2535,53,147
2570,51,148
2599,47,151
2827,9,163
2853,11,164
2932,60,173
3237,38,175
3242,12,181
3281,4,188
3634,3,189
3698,7,193
3745,18,206
3791,26,207
3950,59,247
4101,43,260
4157,38,283
4256,54,283
4314,48,299
4337,2,326
4406,60,353
4487,43,363
4500,37,368
4544,49,400
4652,20,414
4695,7,430
4753,11,433
4853,36,434
4867,30,439
4,58,451
171,57,453
403,35,462
818,21,465
916,53,474
930,18,488
1218,15,495
1306,33,505
1333,18,512
1338,48,521
1497,53,530
1701,16,542
1896,28,557
1942,44,563
1979,22,575
1988,23,593
1997,52,593
2083,29,604
2194,45,609
2217,54,625
2260,8,627
2286,61,631
2380,22,635
2556,62,652
2651,1,668
2688,49,671
2704,6,681
2730,40,688
2872,41,699
2917,43,707
2940,28,744
3054,6,746
3107,39,755
3155,22,762
3161,31,773
3202,20,777
3309,25,787
3328,7,794
3347,0,796
3407,56,799
3440,55,801
3467,5,806
3697,8,815
4116,42,827
4168,45,853
4735,16,854
4825,34,858
4899,41,859
4977,9,862
101,48,881
219,63,895
292,11,896
555,13,898
569,17,902
1016,14,905
1022,47,912
1051,60,916
1052,35,918
1239,46,923
1275,23,926
1332,26,937
1392,64,937
1562,10,951
1615,12,951
1746,61,957
1747,56,967
1878,50,968
2221,8,974
2724,15,977
2858,29,977
2896,21,989
2960,24,995
3146,6,1008
3206,19,1008
3287,59,1022
3454,24,1037
3646,27,1040
3757,31,1049
3781,49,1060
3824,32,1068
3943,29,1072
4038,34,1085
4304,58,1087
4308,9,1088
4338,54,1099
4460,33,1101
4469,26,1110
4471,51,1112
4517,16,1116
4994,47,1132
2,4,1139
96,3,1157
169,38,1157
234,30,1160
304,37,1175
321,50,1181
377,35,1185
544,14,1187
551,5,1188
626,44,1190
662,38,1192
664,53,1192
679,28,1214
740,23,1215
756,0,1218
776,2,1230
844,58,1236
881,23,1237
914,18,1267
956,57,1271
1007,64,1281
1030,63,1295
1195,13,1296
1495,41,1306
1535,57,1306
1554,22,1315
1657,43,1325
1664,47,1341
1710,19,1349
1773,36,1349
1960,53,1357
2273,14,1363
2276,61,1367
2290,7,1381
2564,55,1382
2590,10,1413
2627,34,1417
2703,62,1418
2755,42,1425
2894,18,1434
2920,45,1437
2921,1,1438
2988,40,1459
3070,56,1483
3160,30,1499
3207,50,1499
3365,14,1510
3480,56,1514
3555,4,1518
3777,23,1520
3932,52,1538
4149,56,1565
4230,36,1566
4364,25,1571
4443,16,1574
4591,37,1580
4676,53,1596
4911,30,1602
4969,17,1604
36,31,1608
88,19,1620
158,39,1628
255,41,1634
533,47,1666
728,26,1680
845,16,1683
919,60,1694
965,8,1709
1207,12,1723
1486,29,1741
1571,20,1746
1632,15,1747
1638,27,1747
1704,30,1762
1774,28,1766
1860,34,1776
1864,40,1781
2010,11,1785
2209,24,1793
2321,33,1802
2369,55,1834
2394,48,1844
2429,4,1861
2526,9,1872
2546,5,1876
2800,46,1877
2841,63,1879
2971,61,1898
3055,49,1920
3148,10,1921
3323,58,1924
3381,6,1930
3446,62,1930
3640,32,1951
3724,1,1967
3729,21,1974
3792,44,1976
3795,35,1978
3874,38,1986
3900,11,1989
4306,25,1989
4323,17,1996
4326,15,1999
4479,59,1999
4637,14,2006
4668,62,2017
4697,15,2029
4716,0,2038
4724,58,2041
4737,12,2048
4873,51,2050
186,30,2067
290,54,2076
547,3,2121
761,19,2125
792,50,2138
1058,13,2155
1059,54,2156
1258,64,2157
1276,14,2160
1321,64,2162
1524,30,2170
1600,28,2182
1616,18,2189
1671,2,2196
1674,47,2196
1683,44,2197
1695,8,2198
1756,28,2201
2045,57,2206
2047,53,2217
2057,8,2220
2066,37,2222
2081,32,2240
2147,40,2242
2182,7,2254
2534,43,2254
2542,22,2266
2591,26,2279
2810,45,2284
2919,35,2301
2922,42,2305
2973,62,2315
2994,52,2335
3120,45,2351
3257,41,2356
3578,56,2363
3716,31,2389
4017,28,2390
4215,36,2391
4339,51,2391
4416,63,2398
4461,33,2402
4657,29,2406
4675,13,2415
4760,48,2421
103,23,2439
110,19,2447
314,55,2450
373,34,2452
386,6,2458
528,10,2458
672,15,2466
673,3,2471
745,39,2473
760,7,2479
842,9,2485
867,38,2492
903,50,2516
974,11,2535
1050,25,2535
1147,24,2538
1191,17,2546
1199,45,2555
1240,60,2619
1294,5,2632
1408,24,2636
1423,22,2641
1426,59,2647
1619,54,2652
1628,21,2659
1672,20,2660
1787,16,2672
1813,18,2673
1832,37,2676
1881,57,2676
1882,3,2680
2019,10,2681
2238,10,2688
2308,27,2704
2491,54,2726
2523,7,2735
2559,58,2737
2562,57,2746
2690,62,2749
2702,4,2752
2811,23,2760
2868,25,2765
2941,35,2770
3011,61,2773
3277,63,2779
3303,53,2784
3322,17,2796
3436,64,2796
3442,1,2800
3577,55,2808
3582,64,2816
3587,46,2821
3723,19,2823
3748,22,2830
3960,19,2841
3968,16,2844
4189,47,2846
4241,15,2847
4389,49,2870
4542,5,2874
4546,21,2878
4578,0,2900
4687,18,2902
4766,3,2903
4913,0,2907
45,30,2908
177,31,2926
210,6,2927
536,8,2928
663,13,2931
733,26,2944
949,30,2945
959,36,2961
1048,22,2966
1160,2,2974
1300,42,2982
1557,12,2994
1575,25,3000
1622,37,3002
1668,45,3009
1957,25,3021
2077,54,3027
2177,44,3043
2247,36,3046
2395,28,3048
2458,14,3054
2484,40,3063
2784,11,3070
2830,51,3080
3033,29,3086
3315,50,3098
3522,2,3122
3541,39,3123
3569,62,3126
3632,33,3147
3643,24,3155
3669,32,3163
3742,52,3165
3797,27,3171
4107,43,3198
4440,43,3201
4600,28,3205
4618,60,3222
4691,14,3225
4974,44,3231
91,2,3240
106,56,3257
196,25,3262
237,58,3267
499,14,3281
803,17,3291
837,37,3300
865,14,3304
900,18,3308
1015,54,3310
1137,21,3321
1189,41,3322
1387,26,3335
1403,4,3337
1460,33,3342
1478,17,3344
1488,23,3346
1515,53,3347
1592,47,3349
1689,35,3358
1780,10,3378
1996,48,3382
2039,43,3393
2341,45,3401
2373,55,3401
2440,11,3411
2538,34,3422
2622,20,3427
2754,1,3432
2763,32,3435
2891,10,3438
2933,4,3441
2939,63,3448
2997,0,3454
3004,1,3457
3044,31,3458
3114,38,3461
3125,56,3463
3197,49,3467
3203,1,3473
3226,7,3474
3469,63,3477
3496,9,3478
3554,44,3491
3821,15,3497
3952,61,3499
3966,19,3503
3983,24,3503
4201,7,3517
4297,42,3535
4324,64,3536
4325,30,3567
4368,61,3569
4379,1,3573
4421,51,3604
4432,8,3605
4666,59,3608
4692,16,3611
4699,53,3625
4704,49,3626
4727,47,3628
4756,22,3632
4938,43,3632
83,38,3636
108,5,3637
119,8,3667
482,33,3670
500,37,3675
652,57,3683
737,9,3702
747,18,3702
1041,46,3713
1194,47,3715
1224,23,3724
1328,15,3750
1356,0,3752
1531,26,3761
1603,50,3761
1629,6,3786
1641,3,3788
1715,0,3792
1844,13,3795
1917,12,3800
1931,35,3829
2104,29,3842
2119,48,3860
2136,6,3863
2167,0,3870
2675,20,3889
2691,40,3891
2780,2,3892
2839,4,3892
2899,36,3922
2955,62,3924
3023,57,3938
3331,34,3942
3820,30,3954
3859,60,3960
4039,22,3965
4118,54,3980
4377,17,3992
4862,52,3998
4881,1,3999
5,37,4013
102,6,4039
267,27,4054
268,56,4055
399,39,4056
549,47,4074
563,0,4076
571,11,4076
572,36,4081
701,25,4089
785,17,4091
925,14,4097
1044,28,4099
1056,55,4099
1165,61,4103
1212,26,4137
1228,58,4142
1383,45,4148
1506,44,4156
1538,21,4164
1685,19,4168
1883,63,4186
2012,54,4209
2037,21,4221
2099,22,4227
2171,28,4236
2382,3,4238
2566,42,4246
2571,38,4255
2579,44,4255
2657,30,4262
3030,49,4263
3105,46,4269
3168,43,4270
3249,60,4292
3251,21,4300
3378,24,4302
3546,39,4302
3579,33,4314
3586,41,4316
3649,59,4323
3761,53,4339
4034,27,4363
4272,32,4369
4282,16,4374
4398,5,4376
4436,13,4386
4475,31,4393
4672,9,4403
4852,56,4419
68,48,4422
86,10,4432
266,47,4446
502,41,4470
603,64,4496
606,29,4500
656,40,4505
880,7,4514
1174,23,4521
1203,51,4524
1261,8,4526
1406,48,4534
1477,36,4537
1481,39,4541
1485,18,4552
1498,10,4554
1563,45,4559
1608,33,4566
1708,15,4570
2142,8,4579
2266,29,4593
2278,52,4622
2301,33,4625
2789,1,4636
2975,24,4654
3082,11,4666
3116,49,4678
3157,13,4683
3212,50,4689
3340,14,4690
3360,46,4706
3452,49,4721
3493,54,4729
3652,12,4737
3700,35,4745
3740,63,4745
3747,26,4749
3946,16,4766
4166,62,4767
4169,47,4774
4198,3,4779
4267,54,4782
4275,20,4783
4310,37,4792
4320,15,4798
4385,27,4804
4478,36,4809
4518,55,4820
4664,2,4821
4667,36,4823
4791,4,4830
4829,40,4857
4930,21,4866
4985,50,4872
4990,17,4873
123,6,4885
357,17,4907
396,19,4913
689,61,4917
713,37,4925
731,57,4937
732,34,4939
863,39,4941
910,8,4943
939,25,4946
1132,30,4981
1158,54,4988
1299,14,5000
1504,44,5002
1612,43,5003
1688,58,5008
1705,0,5020
1738,18,5030
1815,0,5040
1823,28,5044
2024,29,5054
2140,56,5055
2176,60,5059
2256,30,5082
2345,51,5087
2352,1,5093
2500,18,5093
2527,45,5109
2672,23,5111
2734,42,5113
2854,22,5119
2977,32,5128
3247,59,5139
3371,38,5172
3376,24,5186
3633,45,5188
3694,56,5200
3774,3,5209
3860,48,5215
3937,41,5219
3945,19,5225
3969,55,5227
4026,2,5228
4175,1,5232
4342,62,5237
4409,40,5243
4532,40,5244
4731,23,5256
4790,53,5256
4794,5,5260
4967,52,5272
4989,47,5277
112,14,5279
125,12,5301
309,50,5310
346,46,5317
452,13,5319
518,27,5323
658,17,5326
932,31,5331
936,57,5331
938,7,5344
1114,48,5353
1296,11,5355
1354,22,5358
1395,6,5369
1413,27,5381
1552,9,5393
1782,63,5436
1789,32,5440
1790,54,5464
1820,43,5469
1974,30,5470
2122,58,5472
2124,64,5474
2196,16,5477
2335,8,5485
2519,36,5485
2685,39,5490
2766,51,5492
2801,21,5499
2818,21,5507
2978,46,5510
3195,31,5516
3388,44,5520
3637,53,5522
3841,10,5528
3875,59,5547
3887,24,5548
3903,37,5549
3997,49,5554
4022,33,5564
4076,25,5572
4294,46,5580
4512,26,5584
4606,4,5587
4807,15,5616
4992,30,5617
146,18,5638
157,42,5640
198,29,5641
202,20,5643
280,57,5658
295,4,5660
444,42,5663
723,27,5679
767,29,5693
783,62,5694
857,57,5702
962,59,5710
1028,46,5712
1166,28,5713
1179,19,5714
1288,35,5721
1292,62,5723
1377,54,5763
1649,3,5776
1784,53,5781
1835,32,5790
1990,43,5800
1993,17,5817
2078,15,5853
2189,4,5855
2254,41,5857
2309,1,5860
2340,0,5870
2344,61,5871
2351,9,5884
2465,24,5890
2577,51,5890
2661,58,5890
2849,63,5899
2865,34,5932
3109,27,5948
3301,7,5950
3327,45,5960
3330,64,5963
3391,25,5966
3542,23,5987
3592,40,5999
4040,61,6001
4457,24,6012
4571,38,6014
55,32,6015
63,2,6053
71,60,6056
148,10,6057
164,29,6090
199,58,6092
297,60,6092
530,0,6124
715,31,6130
871,48,6131
920,5,6133
1182,1,6148
1254,11,6155
1425,52,6166
1454,20,6167
1456,22,6167
1530,50,6179
1610,42,6181
1624,35,6190
1640,8,6198
1692,20,6198
1711,56,6200
1752,10,6213
1777,55,6213
1802,6,6215
1837,8,6216
1914,31,6234
2053,36,6237
2117,12,6244
2203,42,6248
2244,47,6254
2262,63,6254
2289,16,6261
2306,14,6273
2736,42,6289
3048,13,6294
3060,44,6305
3404,18,6318
3491,7,6328
3576,37,6339
3911,5,6352
3926,35,6358
4064,39,6367
4078,46,6369
4154,2,6422
4317,26,6423
4353,21,6425
4839,58,6427
16,49,6433
52,27,6445
69,28,6445
139,6,6464
235,64,6469
249,52,6471
363,33,6477
445,59,6488
457,34,6495
627,52,6505
665,62,6506
835,60,6515
946,41,6526
1036,18,6557
1067,25,6566
1086,48,6574
1151,61,6580
1238,30,6591
1399,56,6594
1469,4,6601
1532,21,6602
1568,53,6606
1651,17,6608
1726,37,6608
2259,23,6625
2332,20,6648
2334,57,6662
2336,52,6668
2361,54,6696
2379,60,6697
2607,19,6699
2722,15,6707
2757,50,6709
2888,3,6719
2927,9,6720
2993,43,6732
3038,33,6738
3046,29,6758
3086,51,6769
3154,37,6772
3162,24,6777
3218,1,6781
3361,9,6783
3593,20,6791
3788,17,6797
3856,32,6819
4176,41,6820
4181,7,6821
4365,6,6834
4429,21,6834
4787,59,6846
4984,25,6852
30,32,6863
33,45,6877
81,63,6881
281,15,6888
335,38,6913
475,37,6924
491,5,6926
688,51,6936
759,40,6938
770,14,6954
807,11,6955
827,0,6957
868,33,6963
970,44,6963
1107,31,7004
1146,53,7008
1722,47,7019
1964,16,7021
2048,41,7030
2275,39,7031
2279,55,7045
2298,20,7061
2319,51,7064
2437,22,7066
2525,12,7094
2696,63,7117
2795,29,7119
3248,36,7126
3265,30,7141
3329,12,7146
3532,2,7148
4027,52,7149
4172,62,7150
4312,8,7151
4439,61,7168
4516,7,7169
4529,49,7173
4584,42,7174
4602,26,7180
4650,10,7188
4819,14,7198
4855,36,7198
66,13,7213
207,40,7245
229,27,7247
320,32,7254
351,7,7263
438,36,7264
468,48,7268
580,35,7277
595,47,7277
653,1,7279
877,43,7282
1026,24,7283
1039,38,7287
1358,64,7296
1489,14,7313
1686,46,7315
1888,4,7317
1908,54,7320
1951,20,7325
1971,57,7333
1994,31,7342
1999,32,7380
2228,59,7396
2475,28,7409
2486,50,7410
2521,58,7419
3045,37,7423
3130,34,7426
3156,34,7454
3164,10,7459
3345,47,7463
3482,26,7464
3510,50,7479
3524,63,7490
3588,23,7505
3610,52,7509
3712,21,7510
3809,20,7521
3839,60,7521
4143,61,7532
4159,9,7547
4178,19,7550
4187,18,7555
4381,16,7562
4405,23,7562
4417,56,7567
4732,55,7576
4795,47,7585
4798,34,7588
4823,46,7598
4824,3,7607
4883,53,7614
162,6,7634
222,5,7639
263,58,7639
371,17,7650
387,22,7655
493,48,7660
503,51,7660
619,25,7667
620,57,7678
1348,44,7683
1381,49,7701
1405,43,7709
1594,0,7711
1739,10,7713
1866,37,7731
1928,24,7735
2199,26,7739
2216,52,7740
2659,46,7743
2716,45,7746
2804,12,7747
2906,34,7768
2944,15,7769
3028,21,7771
3097,51,7777
3182,42,7795
3334,42,7809
3566,33,7816
3648,60,7817
3686,3,7843
3769,55,7843
3770,1,7844
3986,38,7862
4031,19,7864
4371,11,7868
4404,24,7885
4523,32,7888
4653,14,7890
4718,38,7902
4888,15,7904
176,41,7906
261,29,7923
328,64,7931
338,27,7941
349,52,7941
514,63,7948
520,53,7957
684,30,7958
774,30,7964
824,23,7976
940,38,7979
979,29,7981
1004,62,7990
1040,30,7995
1063,39,7996
1143,63,7996
1175,7,7998
1243,13,8004
1253,23,8005
1290,28,8017
1345,59,8031
1441,23,8037
1529,8,8040
1691,31,8045
1907,60,8059
1940,48,8079
1973,40,8087
2004,1,8091
2075,28,8108
2265,41,8110
2287,55,8111
2348,27,8118
2349,52,8119
2422,2,8125
2447,52,8125
2623,58,8132
2648,25,8144
2705,2,8149
2794,11,8174
2807,35,8182
3000,38,8187
3213,36,8191
3241,49,8193
3304,16,8195
3422,4,8205
3647,57,8206
3873,53,8213
3970,28,8214
4029,46,8216
4030,34,8219
4112,45,8237
4236,48,8241
4292,35,8245
4354,4,8247
4520,31,8262
4552,0,8268
4632,3,8268
4722,5,8285
4815,24,8302
4896,54,8317
4999,61,8321
306,26,8325
345,18,8367
384,2,8377
516,9,8381
526,11,8397
535,12,8407
610,42,8407
1461,14,8421
1648,13,8424
1801,17,8431
1834,44,8431
1859,50,8431
1937,6,8436
1965,45,8436
2412,43,8437
2416,7,8444
2444,13,8446
2767,56,8449
2871,61,8450
2913,51,8455
2965,19,8459
3066,34,8463
3072,35,8468
3314,35,8479
3364,20,8482
3527,59,8482
3836,59,8493
3876,49,8494
3915,48,8500
3961,33,8524
4073,1,8539
4092,10,8540
4140,21,8545
4167,44,8545
4171,47,8556
4260,58,8567
4307,37,8571
4383,0,8588
4391,37,8594
4710,12,8606
4746,31,8606
4840,43,8607
4947,35,8612
47,3,8621
87,50,8643
147,7,8646
213,22,8648
254,5,8662
566,27,8667
682,14,8674
1057,63,8680
1111,4,8682
1200,18,8699
1437,17,8712
1555,11,8724
2106,55,8730
2118,17,8739
2151,32,8746
2154,29,8762
2198,39,8770
2608,32,8788
2712,38,8788
2729,40,8803
2796,52,8809
2861,15,8814
3302,62,8820
3377,41,8829
3409,24,8835
3460,19,8857
3483,13,8877
3516,18,8878
3538,27,8879
3690,62,8880
3771,16,8881
3936,64,8893
3998,23,8908
4105,52,8908
4211,45,8911
4392,5,8919
4410,1,8925
4442,37,8928
4484,8,8936
4541,52,8946
4615,20,8951
4698,30,8956
4808,20,8960
4915,57,8963
4945,62,8966
8,54,8978
264,36,8981
334,41,8994
393,45,8999
674,28,9006
808,2,9017
854,60,9050
913,6,9058
944,24,9068
1011,30,9069
1021,49,9079
1035,63,9080
1085,47,9083
1102,27,9088
1124,14,9091
1307,18,9099
1317,51,9102
1433,63,9102
1613,12,9105
1625,0,9117
1757,25,9119
1874,8,9123
1936,42,9134
1949,59,9143
2022,59,9148
2079,11,9156
2186,55,9172
2231,39,9177
2358,15,9179
2617,58,9183
2676,14,9205
2697,53,9211
2756,18,9213
2897,46,9213
2936,3,9221
3036,26,9238
3153,11,9249
3305,9,9264
3419,44,9264
3426,48,9273
3519,34,9290
3714,54,9299
3800,21,9305
3831,11,9311
3864,56,9312
3924,46,9339
3996,46,9341
4093,2,9343
4319,10,9344
4502,43,9347
4595,44,9369
4741,4,9378
4752,50,9388
4973,54,9405
89,18,9406
120,15,9416
529,61,9428
632,64,9448
709,36,9452
725,22,9467
806,37,9498
838,53,9498
843,27,9502
1013,6,9510
1037,33,9514
1282,63,9516
1301,23,9544
1319,35,9546
1455,15,9549
1543,56,9555
1673,31,9562
1680,22,9566
1703,7,9567
1741,43,9572
1873,28,9598
2102,61,9599
2446,33,9602
2957,40,9602
2990,46,9606
3069,12,9608
3149,22,9610
3273,5,9625
3306,26,9634
3336,38,9639
3494,17,9641
3501,17,9658
3573,49,9667
3812,8,9671
3819,53,9674
3832,19,9679
3847,52,9682
3848,51,9684
3852,13,9688
3901,20,9688
3933,44,9702
4229,29,9706
4363,29,9708
4376,35,9722
4912,55,9728
766,47,9729
1098,25,9735
1121,31,9736
1154,42,9748
1264,3,9778
1280,36,9779
1284,32,9785
1432,62,9808
1438,60,9818
1467,1,9820
1574,20,9833
1656,30,9833
1675,16,9834
2020,4,9842
2076,34,9844
2090,41,9850
2120,10,9857
2135,27,9858
2169,15,9863
2202,48,9868
2227,37,9876
2392,0,9879
2402,31,9893
2592,33,9902
2848,24,9907
3179,33,9913
3366,45,9919
3369,60,9925
3443,57,9930
3609,59,9931
3628,51,9932
3688,40,9933
3741,49,9933
3927,20,9938
3934,52,9941
3955,58,9950
4269,39,9964
4276,21,9982
4535,43,9990
4624,36,9999
4625,23,10003
4744,39,10014
4878,19,10018
4953,38,10040
19,46,10042
79,14,10054
124,29,10069
187,18,10071
258,39,10071
361,36,10104
630,57,10107
768,9,10113
839,29,10132
1001,17,10142
1180,11,10144
1186,41,10163
1192,12,10169
1412,19,10171
1491,39,10183
1588,58,10184
1743,28,10191
1850,20,10194
1857,2,10202
1966,6,10203
2011,61,10219
2071,42,10236
2156,8,10238
2214,0,10241
2243,5,10242
2299,53,10243
2346,50,10246
2543,32,10247
3215,54,10247
3355,13,10260
3416,20,10271
3765,25,10282
3789,47,10290
3904,3,10298
3920,24,10309
4018,34,10311
4087,17,10330
4102,56,10332
4182,1,10335
4191,57,10343
4242,32,10351
4261,22,10353
4694,28,10354
4941,54,10379
4951,25,10424
27,64,10426
94,10,10429
161,60,10430
288,46,10449
343,54,10463
364,41,10464
450,44,10467
477,15,10476
851,63,10476
972,7,10484
1020,24,10495
1079,0,10498
1089,53,10514
1138,46,10518
1176,26,10521
1177,57,10522
1233,40,10535
1720,12,10538
1725,44,10539
1868,50,10547
2002,0,10548
2043,64,10548
2115,4,10558
2168,36,10575
2205,48,10575
2218,51,10585
2223,35,10587
2401,3,10593
2497,0,10598
2753,9,10601
2762,18,10601
2844,16,10614
2885,56,10617
3081,59,10618
3170,51,10622
3307,27,10626
3312,11,10634
3316,12,10640
3375,54,10644
3549,48,10648
3560,55,10648
3638,16,10649
3838,47,10651
3963,13,10654
4061,19,10671
4289,21,10673
4526,37,10677
4527,38,10681
4761,6,10686
365,30,10692
554,54,10722
578,32,10726
604,52,10735
613,42,10745
693,49,10757
719,33,10762
781,8,10764
834,62,10773
1334,60,10778
1410,60,10780
1487,17,10797
1507,60,10802
1545,50,10810
1748,43,10814
1753,31,10825
1879,61,10828
1924,45,10849
1952,30,10863
2121,38,10871
2134,6,10876
2213,26,10911
2385,55,10913
2398,7,10922
2436,20,10928
2501,48,10933
2603,23,10941
2788,39,10951
2866,35,10954
3104,58,10968
3286,29,10973
3367,11,10991
3385,0,11011
3412,43,11015
3478,46,11030
3567,2,11039
3671,14,11046
3776,1,11053
3897,16,11070
4134,4,11090
4185,5,11091
4196,34,11092
4218,51,11094
4303,47,11097
4321,64,11127
4336,9,11131
4454,58,11140
4522,22,11162
4553,10,11178
4562,9,11187
4635,39,11187
4636,12,11188
4739,63,11204
4777,34,11215
4786,17,11227
4908,57,11228
330,42,11232
420,36,11239
505,54,11243
517,15,11263
548,20,11265
736,50,11269
744,21,11278
840,28,11299
902,40,11306
934,5,11317
1237,34,11325
1401,54,11331
1463,11,11352
1522,25,11367
1595,61,11372
1847,62,11379
2069,49,11385
2131,14,11386
2161,33,11394
2474,24,11400
2495,45,11408
2513,43,11418
2516,41,11432
2547,64,11432
2635,44,11443
2825,3,11453
2851,1,11459
2908,50,11463
3042,53,11478
3137,55,11493
3244,15,11499
3269,27,11500
3320,56,11503
3351,19,11512
3421,32,11515
3434,13,11521
3605,40,11523
3879,23,11525
3886,18,11527
3896,9,11542
4002,48,11548
4005,50,11551
4015,64,11554
4049,10,11570
4193,0,11591
4370,59,11615
4426,8,11620
4509,42,11625
4566,38,11628
4599,17,11634
4733,43,11641
4778,46,11654
4986,51,11655
48,37,11661
178,52,11661
195,5,11667
291,50,11667
389,26,11670
557,64,11683
771,30,11686
847,60,11688
909,35,11694
954,36,11697
957,29,11717
1034,34,11720
1071,35,11722
1080,55,11722
1116,47,11736
1322,52,11741
1411,6,11752
1534,9,11763
1742,22,11775
1851,14,11780
2030,44,11782
2107,31,11785
2152,49,11785
2222,10,11790
2264,43,11804
2350,24,11810
2558,7,11812
2578,17,11814
2587,29,11814
2758,53,11823
2836,63,11831
2840,4,11882
2892,6,11891
3186,24,11901
3267,41,11907
3298,60,11920
3352,2,11924
3513,21,11930
3537,57,11934
3550,56,11945
3614,33,11949
3616,14,11952
3625,1,11961
3630,21,11965
3728,19,11971
3758,36,11972
3855,52,11972
3917,39,11977
3948,22,11978
3972,54,11988
3979,29,12028
4204,13,12035
4244,17,12043
4357,57,12043
4413,30,12045
4480,62,12047
4721,27,12049
4841,16,12052
127,44,12063
180,61,12068
331,32,12071
691,51,12076
716,58,12087
787,60,12091
794,23,12100
836,56,12117
1148,20,12121
1260,24,12124
1435,17,12127
1508,22,12139
1569,63,12143
1583,59,12162
1630,8,12163
1760,12,12180
1943,15,12187
1981,14,12189
2009,0,12201
2064,57,12201
2331,16,12220
2506,26,12220
2539,37,12221
2575,57,12247
2588,53,12263
2745,44,12277
2748,48,12277
2751,28,12286
2837,45,12288
2845,49,12289
2855,11,12295
2870,36,12308
2877,4,12314
2961,26,12334
3199,3,12336
3250,28,12341
3358,64,12343
3359,45,12353
3432,25,12359
3477,52,12359
3662,56,12368
3709,34,12379
3713,50,12382
3863,19,12385
3977,25,12388
4122,5,12391
4132,22,12397
4288,7,12402
4298,31,12406
4358,38,12415
4805,55,12423
4814,2,12433
4879,7,12434
4890,13,12444
4917,9,12448
57,31,12455
93,40,12457
172,18,12459
476,60,12476
784,56,12497
821,43,12518
826,6,12522
887,48,12529
933,46,12540
977,47,12549
1002,51,12564
1061,29,12566
1272,50,12567
1281,42,12578
1390,35,12579
1444,63,12584
1623,13,12593
1661,2,12604
1684,3,12617
1714,21,12622
1814,35,12631
2015,49,12631
2093,33,12636
2139,32,12641
2413,8,12680
2442,36,12702
2814,59,12716
3085,25,12725
3214,57,12741
3233,10,12745
3341,38,12745
3727,45,12746
3908,54,12749
4113,62,12749
4123,2,12767
4130,5,12774
4192,13,12781
4225,61,12783
4284,37,12792
4448,8,12798
4579,35,12799
4583,45,12809
4597,17,12818
4622,1,12837
4887,13,12847
4939,41,12850
34,1,12862
299,39,12869
426,46,12872
607,0,12878
641,61,12893
855,58,12902
958,51,12906
968,53,12910
1045,20,12918
1214,19,12934
1222,29,12941
1584,23,12944
1805,12,12948
2056,56,12951
2159,48,12953
2230,37,12955
2239,33,12964
2249,51,12965
2616,27,12967
2682,22,12974
2874,59,12977
2970,63,12977
2996,44,12981
3008,38,12982
3032,11,12986
3034,35,12999
3079,30,13013
3151,16,13022
3187,4,13028
3192,32,13029
3290,0,13030
3363,32,13030
3488,42,13041
3621,24,13044
3878,38,13064
3984,15,13068
4224,43,13086
4246,47,13087
4366,47,13096
4372,45,13121
4483,61,13132
4493,64,13146
4576,19,13147
4623,17,13150
4656,3,13152
4679,29,13153
4728,39,13156
4983,14,13173
4995,44,13175
230,34,13179
251,60,13181
293,4,13195
359,33,13209
738,26,13214
788,24,13215
870,47,13245
1232,48,13250
1242,7,13300
1283,9,13305
1340,6,13309
1453,31,13315
1459,11,13316
1840,30,13318
1841,28,13324
1870,48,13325
1916,52,13339
1977,28,13355
2052,55,13370
2092,38,13381
2208,40,13389
2246,18,13427
2313,36,13429
2589,20,13434
2613,49,13444
2638,10,13445
2699,12,13471
2709,5,13475
2743,20,13483
2779,7,13493
2785,13,13512
2808,54,13531
2953,57,13534
2962,8,13540
3176,50,13543
3288,2,13545
3439,25,13549
3505,41,13554
3695,21,13574
3719,60,13584
3768,53,13602
3888,2,13610
3930,51,13625
4179,14,13628
4188,62,13631
4222,26,13644
4315,37,13645
4768,23,13646
4865,58,13655
4971,14,13677
44,3,13682
145,59,13688
168,22,13689
277,55,13696
285,35,13719
406,60,13720
436,48,13725
453,64,13730
507,31,13747
527,13,13779
634,18,13783
935,26,13793
973,3,13796
981,27,13803
1681,27,13808
1764,19,13810
1798,1,13823
1925,43,13827
2098,46,13839
2172,61,13839
2544,24,13843
2563,42,13846
2727,16,13855
2765,15,13867
2772,17,13890
2805,15,13892
2923,47,13892
2935,26,13900
3090,56,13901
3133,0,13911
3295,63,13912
3575,32,13918
3613,34,13921
3670,45,13936
3871,9,13937
4008,60,13941
4020,11,13946
4050,39,13947
4052,4,13964
4545,9,13966
4575,58,13969
4631,54,13973
4638,8,13974
4645,15,13994
4702,49,14009
4774,28,14028
4806,53,14035
4861,6,14041
4910,5,14048
4948,1,14050
24,64,14051
138,6,14054
173,44,14063
402,2,14067
478,36,14071
524,40,14088
552,21,14095
570,30,14098
801,11,14104
814,1,14106
885,10,14123
1073,57,14125
1076,33,14132
1087,41,14142
1122,29,14152
1181,38,14154
1246,24,14170
1370,56,14176
1749,31,14213
1765,35,14221
2204,13,14234
2540,53,14236
2582,3,14238
2632,21,14257
2664,46,14267
2732,7,14271
2777,49,14292
2857,18,14294
2914,43,14298
2968,20,14301
2976,14,14305
2985,62,14305
3049,52,14307
3177,16,14313
3417,23,14313
3423,63,14324
3451,50,14339
3540,54,14339
3611,14,14353
3639,12,14370
3651,22,14370
3663,33,14370
3804,49,14378
3827,37,14389
3870,50,14391
4177,59,14395
4239,33,14397
4347,51,14457
4355,25,14463
4714,33,14472
4893,3,14473
59,6,14475
115,33,14480
286,61,14490
416,47,14502
430,51,14516
697,20,14519
853,18,14525
980,48,14529
1038,63,14536
1081,3,14544
1155,15,14546
1225,28,14560
1311,5,14580
1350,22,14591
1492,49,14592
1540,52,14606
1602,55,14607
1679,57,14624
1759,34,14630
1836,8,14641
1885,40,14665
1919,27,14666
1945,48,14668
1954,60,14669
2005,47,14670
2018,13,14684
2038,38,14694
2073,22,14695
2114,46,14697
2163,44,14698
2320,30,14700
2328,0,14707
2471,58,14713
2498,0,14717
2517,17,14721
2633,39,14737
2670,49,14750
2694,42,14752
2876,60,14760
2925,10,14762
2938,19,14787
2967,53,14796
3059,45,14804
3102,40,14812
3357,59,14831
3374,26,14832
3475,4,14848
3531,44,14855
3629,55,14857
3645,47,14875
3734,6,14884
4106,50,14887
4117,39,14888
4186,2,14903
4197,14,14903
4361,32,14904
4367,41,14905
4462,54,14916
4489,11,14917
4495,31,14920
4513,1,14924
4604,42,14931
4605,43,14938
4611,9,14941
4626,54,14941
4651,27,14943
4850,8,14955
4942,50,14964
4946,47,14982
4963,25,14983
74,0,14999
129,35,15005
166,8,15006
311,35,15007
471,37,15009
574,29,15010
633,64,15010
720,24,15015
724,36,15045
729,33,15050
735,5,15068
782,15,15081
820,3,15088
942,39,15097
995,63,15098
1115,59,15099
1286,56,15101
1542,24,15114
1766,53,15137
1816,57,15137
1867,23,15152
1875,60,15159
2062,7,15168
2063,62,15169
2100,46,15177
2127,16,15190
2178,58,15211
2240,8,15219
2269,63,15232
2326,31,15251
2428,32,15253
2454,21,15254
2508,62,15263
2654,11,15274
2713,26,15275
2731,1,15292
2942,61,15298
3027,34,15324
3037,52,15333
3061,56,15338
3196,38,15357
3390,17,15358
3397,42,15358
3615,54,15365
3626,12,15370
3654,49,15378
3889,19,15380
3959,54,15382
3990,24,15392
4221,44,15395
4408,16,15396
4423,28,15399
4671,18,15405
4700,30,15417
4706,31,15436
4712,48,15447
4713,47,15455
4907,51,15458
29,42,15471
104,63,15476
217,20,15486
422,5,15494
543,52,15509
618,18,15516
685,23,15519
791,0,15539
858,29,15573
879,22,15578
1082,45,15579
1468,41,15587
1669,40,15598
1793,55,15598
1880,19,15603
2031,40,15604
2170,57,15614
2242,49,15616
2363,11,15630
2410,13,15630
2423,36,15632
2557,34,15640
2653,40,15645
2700,8,15652
2809,2,15654
2816,53,15658
2835,10,15673
2843,24,15677
3261,24,15691
3321,24,15717
3530,42,15728
3816,8,15730
4202,40,15731
4209,4,15738
4227,42,15738
4249,64,15747
4328,31,15750
4474,34,15763
4658,14,15766
4745,16,15771
4822,58,15772
76,7,15777
126,3,15779
275,27,15784
638,2,15785
667,37,15801
680,55,15805
753,50,15812
1055,61,15817
1096,46,15827
1103,51,15830
1109,13,15831
1162,59,15859
1391,9,15868
1604,6,15881
1666,43,15891
1731,56,15907
1755,37,15914
1796,33,15923
1962,21,15933
1976,60,15935
2050,53,15938
2529,18,15942
2561,34,15945
2597,39,15947
2746,25,15953
2887,2,15957
2910,42,15960
3134,19,15965
3138,55,15966
3139,31,15968
3263,36,15975
3414,48,15981
3461,38,15983
3556,35,15995
3922,26,15996
3947,45,16010
3993,34,16011
4000,4,16021
4054,15,16024
4133,32,16024
4160,48,16025
4228,45,16033
4248,64,16036
4318,12,16043
4345,62,16049
4349,46,16053
4420,52,16069
4473,36,16079
4567,39,16089
4573,41,16092
4832,17,16130
4857,58,16144
4885,31,16146
116,2,16148
131,25,16150
209,1,16156
232,5,16165
337,19,16166
472,44,16196
573,12,16215
609,22,16215
711,54,16227
1010,3,16234
1135,20,16264
1407,34,16275
1548,20,16284
1611,28,16292
1663,30,16313
1696,57,16322
1903,46,16333
2044,53,16335
2112,51,16345
2443,47,16383
2449,22,16385
2929,60,16403
3108,40,16406
3140,43,16411
3200,48,16425
3232,33,16432
3292,20,16440
3402,8,16442
3411,63,16444
3427,15,16452
3468,13,16467
3563,41,16473
3580,25,16474
3636,7,16475
3725,52,16475
3818,58,16476
3898,10,16481
3931,29,16488
4180,18,16515
4232,23,16517
4419,56,16525
4580,21,16528
4717,0,16533
4734,16,16541
4757,54,16549
4775,27,16572
31,49,16574
142,11,16575
208,45,16581
259,6,16587
270,53,16598
382,9,16611
487,62,16628
522,36,16649
631,18,16655
687,11,16660
777,4,16679
1084,2,16689
1134,3,16689
1156,35,16691
1161,46,16695
1248,24,16696
1445,9,16706
1553,59,16724
1886,32,16726
1918,20,16732
2138,14,16734
2282,61,16741
2307,50,16748
2327,41,16761
2399,1,16778
2414,42,16778
2472,22,16788
2490,57,16792
2492,58,16812
2631,5,16815
2663,39,16816
2733,26,16819
2787,54,16819
2798,3,16830
2947,12,16830
2958,36,16830
3158,17,16851
3223,19,16854
3395,37,16856
3433,38,16871
3570,4,16879
3601,44,16884
3673,55,16907
3683,64,16908
3726,1,16913
3861,14,16916
4233,13,16917
4350,46,16920
4402,31,16924
4445,34,16945
4565,60,16982
4594,4,16983
4630,52,17002
4736,17,17012
4811,49,17018
4860,4,17019
56,46,17023
231,33,17029
238,50,17039
303,21,17051
318,45,17056
504,12,17065
521,47,17070
575,61,17083
611,49,17086
898,16,17087
1142,20,17098
1213,51,17098
1217,33,17102
1655,56,17105
1863,25,17127
1938,28,17140
2017,25,17151
2060,29,17175
2155,40,17176
2226,2,17202
2250,38,17204
2629,32,17217
2781,23,17219
3040,9,17237
3189,3,17243
3382,30,17244
3413,16,17253
3463,7,17267
3487,43,17286
3525,35,17288
3595,49,17310
3606,34,17326
3661,37,17326
3678,45,17331
3701,15,17338
3720,52,17351
3746,63,17363
3786,6,17377
3807,43,17378
3956,20,17381
4057,48,17390
4072,10,17403
4079,57,17406
4243,18,17407
4266,35,17407
4351,30,17412
4711,10,17414
4725,46,17430
4838,61,17433
4975,11,17437
1,8,17441
128,15,17447
151,32,17447
214,29,17457
307,23,17459
336,25,17468
391,32,17489
410,55,17490
412,38,17495
413,14,17498
565,22,17499
718,0,17504
796,60,17507
1075,9,17520
1077,56,17530
1223,54,17552
1523,9,17559
2126,24,17561
2300,36,17561
2365,53,17561
2389,40,17564
2674,6,17567
2715,27,17567
2946,62,17601
3026,26,17604
3043,40,17608
3225,37,17628
3230,8,17641
3668,1,17657
3693,39,17658
3907,52,17666
4056,53,17668
4088,5,17672
4147,22,17676
4279,49,17682
4290,59,17705
4360,42,17706
4386,63,17707
4414,21,17717
4431,4,17724
4515,16,17729
4549,35,17734
4577,14,17737
4719,33,17741
4759,41,17745
4779,44,17749
4956,64,17750
257,26,17752
401,47,17752
581,30,17767
635,39,17780
825,54,17781
899,9,17792
922,27,17792
969,61,17792
1083,25,17807
1093,58,17807
1173,47,17815
1271,60,17829
1277,13,17842
1279,51,17847
1378,24,17850
1420,19,17852
1636,16,17859
1697,54,17894
1744,31,17900
1750,19,17903
1772,16,17906
2016,44,17919
2165,15,17933
2297,45,17943
2338,30,17951
2408,17,17952
2528,40,17959
3121,12,17978
3144,52,18003
3317,7,18008
3399,57,18010
3665,50,18012
3733,2,18018
3767,1,18022
3906,55,18061
4071,51,18063
4096,37,18066
4265,31,18072
4521,62,18080
4640,25,18082
4755,3,18091
4765,22,18091
4776,36,18094
4863,2,18099
4940,9,18102
4959,52,18105
4976,28,18128
4979,11,18135
287,14,18156
408,46,18157
437,61,18161
850,60,18169
1014,10,18170
1068,45,18170
1120,10,18178
1149,24,18184
1152,38,18215
1231,61,18216
1297,9,18236
1304,10,18243
1341,6,18248
1357,8,18249
1443,53,18261
1653,48,18264
1667,1,18270
1712,35,18284
1763,34,18290
1826,18,18294
1887,59,18313
1967,47,18314
2000,49,18328
2108,20,18337
2123,35,18338
2188,27,18359
2211,43,18361
2339,30,18381
2387,23,18382
2404,9,18402
2514,0,18409
2594,18,18410
2610,26,18422
2668,43,18425
2678,6,18428
2684,29,18434
2859,63,18438
3076,17,18441
3231,11,18474
3245,56,18478
3282,32,18486
3356,33,18515
3383,19,18516
3508,57,18528
3598,17,18548
3689,59,18562
3710,64,18567
3749,3,18571
3844,42,18577
3919,3,18581
3967,15,18586
4019,32,18599
4060,1,18602
4065,64,18607
4095,51,18611
4264,5,18613
4333,21,18615
4430,61,18622
4504,36,18624
4558,16,18627
4784,58,18634
4884,2,18657
4895,4,18671
4936,47,18681
4988,62,18697
218,55,18706
622,12,18708
773,21,18720
793,41,18720
1234,32,18739
1267,47,18741
1376,23,18749
1388,39,18751
1417,48,18752
1647,31,18760
1699,62,18764
1890,48,18769
1913,13,18770
2008,19,18777
2257,48,18778
2295,41,18786
2593,2,18789
2598,50,18789
2605,56,18794
2714,54,18802
2749,44,18820
2764,9,18824
2915,57,18832
3005,10,18842
3201,42,18856
3275,40,18859
3589,60,18859
3775,46,18863
3780,22,18871
3840,27,18875
3845,14,18876
4004,63,18880
4109,35,18883
4685,45,18890
4707,11,18904
4726,39,18904
4902,24,18913
4904,7,18919
4961,30,18921
4993,18,18922
417,25,18929
463,21,18939
470,20,18941
841,52,18959
878,51,18967
1136,32,19008
1157,28,19009
1385,21,19014
1449,37,19021
1646,42,19029
1678,37,19044
1693,8,19046
1713,29,19049
1724,38,19053
1758,33,19058
1856,49,19074
1930,39,19080
1959,40,19086
1968,29,19094
2074,40,19102
2206,7,19109
2322,53,19121
2367,11,19122
2393,58,19124
2487,3,19127
2489,59,19131
2693,18,19156
2901,30,19158
2951,12,19166
3058,40,19181
3078,6,19206
3136,37,19215
3143,28,19218
3224,42,19220
3236,9,19229
3539,34,19238
3581,31,19239
3583,0,19248
3619,28,19250
3703,15,19259
3779,0,19288
4013,19,19315
4063,21,19316
4274,12,19322
4374,47,19322
4519,7,19329
4528,4,19332
4569,43,19340
4609,63,19350
4680,15,19352
4688,16,19355
4875,26,19358
4897,35,19358
4920,61,19361
49,44,19363
51,5,19375
65,64,19394
224,17,19399
296,53,19400
317,48,19403
376,1,19419
394,56,19433
492,49,19434
556,18,19437
624,50,19444
722,32,19461
823,54,19465
990,48,19480
994,24,19484
1049,18,19490
1130,23,19490
1131,36,19502
1263,9,19518
1368,27,19530
1402,20,19531
1564,10,19536
1634,25,19541
1645,4,19547
2464,55,19551
2510,57,19553
2639,31,19557
2886,45,19568
3071,64,19577
3266,64,19598
3276,31,19605
3337,16,19617
3534,50,19632
3866,2,19633
4024,13,19639
4207,48,19649
4437,20,19654
4762,62,19654
4834,12,19673
4924,51,19673
4950,58,19677
221,14,19688
392,17,19690
488,60,19705
589,48,19733
629,26,19734
694,41,19736
754,63,19746
908,12,19762
952,19,19762
1128,53,19762
1205,46,19792
1210,22,19793
1323,43,19797
1464,48,19813
1521,45,19816
2143,22,19818
2548,38,19822
2652,59,19834
2698,9,19843
2711,33,19851
2904,16,19852
2959,5,19856
3088,58,19857
3235,20,19858
3271,44,19858
3627,39,19861
3675,34,19877
3766,59,19889
3803,2,19902
3806,54,19904
3910,52,19907
4058,22,19924
4129,28,19933
4131,55,19939
4205,21,19954
4455,32,19957
4570,37,19964
4634,6,19967
4643,12,19980
390,35,19990
434,63,19990
506,54,19992
755,60,19998
915,18,20003
1197,8,20004
1262,30,20006
1268,45,20006
1416,11,20024
1418,29,20028
1447,1,20041
1475,7,20045
1572,3,20051
1631,27,20068
1783,61,20075
1792,31,20086
1822,0,20095
1828,0,20096
1953,12,20100
2006,51,20101
2251,49,20103
2317,4,20114
2463,6,20118
2658,45,20122
2726,29,20135
2776,42,20153
3012,16,20157
3111,25,20162
3339,40,20163
3571,41,20165
4032,45,20166
4068,57,20188
4137,48,20202
4216,21,20213
4300,5,20216
4322,26,20220
4331,3,20226
4332,0,20251
4396,14,20251
4407,17,20263
4812,13,20269
4820,5,20273
4872,39,20285
4901,10,20287
4916,47,20293
4923,62,20294
4970,61,20296
32,15,20313
182,58,20315
344,38,20320
474,41,20321
599,24,20328
648,23,20345
815,50,20366
912,36,20389
1351,14,20394
1353,56,20401
1398,57,20414
1409,49,20415
1527,25,20418
1551,9,20424
1626,43,20437
1795,36,20438
1808,18,20452
1929,57,20455
1998,49,20458
2013,11,20475
2070,34,20475
2110,34,20477
2141,61,20480
2174,5,20484
2233,46,20499
2263,48,20503
2277,34,20504
2305,20,20510
2311,32,20515
2314,64,20521
2362,19,20528
2595,22,20545
2644,54,20547
2649,0,20552
2771,31,20566
2778,2,20572
2895,59,20576
3022,14,20579
3095,13,20593
3115,45,20595
3394,62,20600
3552,34,20609
3620,24,20621
3656,9,20622
3664,64,20624
3699,48,20641
3711,28,20645
3783,41,20659
3790,12,20665
3849,4,20667
3949,30,20688
4067,56,20688
4334,26,20718
4340,53,20734
4458,7,20741
4548,9,20741
4551,42,20743
4557,46,20749
4842,6,20762
4844,33,20763
4877,53,20770
4958,51,20775
4978,39,20787
75,63,20804
141,35,20805
276,52,20819
327,44,20829
367,21,20831
442,37,20831
511,5,20838
649,23,20842
810,8,20845
856,15,20848
951,25,20873
987,60,20878
999,34,20890
1029,49,20900
1325,4,20903
1327,40,20917
1471,59,20926
1472,1,20927
1479,52,20930
1754,55,20937
1791,62,20942
1858,20,20950
2058,27,20960
2166,29,20975
2272,10,20991
2494,18,21006
2584,7,21008
2706,35,21032
2847,8,21034
3068,36,21048
3080,57,21053
3362,14,21055
3631,1,21059
4125,34,21068
4161,20,21081
4400,43,21081
4689,0,21089
4792,58,21095
113,40,21104
256,21,21105
348,33,21112
480,3,21113
501,29,21145
927,28,21149
1005,16,21155
1017,56,21160
1066,61,21165
1451,17,21186
1519,31,21202
1596,47,21207
1853,52,21207
1921,41,21209
1935,3,21249
2088,41,21249
2175,50,21257
2271,20,21259
2409,24,21266
2581,31,21269
2596,38,21275
2671,40,21283
2828,14,21295
3056,52,21314
3113,64,21326
3142,52,21327
3175,42,21328
3183,49,21346
3447,12,21385
3455,48,21385
3535,11,21387
3641,59,21396
3653,55,21408
3705,45,21411
3739,22,21416
3787,6,21419
3805,23,21422
3826,10,21429
4025,37,21432
4343,53,21432
4446,34,21440
4463,26,21445
14,18,21454
99,53,21457
184,28,21465
409,19,21466
489,35,21479
592,18,21482
721,19,21486
895,32,21486
963,16,21491
1033,2,21503
1054,15,21507
1171,27,21510
1227,46,21514
1343,5,21524
1818,40,21527
1833,46,21527
1946,30,21528
1948,54,21530
2042,39,21533
2185,37,21537
2197,59,21543
2236,12,21561
2253,1,21567
2310,43,21569
2324,25,21585
2378,13,21586
2407,0,21592
2459,9,21608
2482,10,21612
2565,20,21643
2580,40,21643
2912,59,21646
2948,17,21649
3020,8,21655
3096,62,21658
3430,49,21665
3456,28,21668
3492,63,21671
3557,13,21674
3666,19,21691
3708,14,21695
3992,3,21721
4199,51,21728
4403,37,21731
4481,10,21762
4616,1,21764
4874,63,21766
4906,47,21769
4955,49,21794
4962,31,21799
4965,11,21800
4996,43,21803
58,48,21803
155,58,21805
372,33,21809
427,7,21811
495,4,21823
704,44,21823
712,4,21828
1078,28,21835
1145,3,21838
1273,64,21840
1298,6,21844
1302,14,21844
1347,21,21853
1462,21,21862
1637,50,21867
2116,60,21867
2132,37,21884
2192,51,21891
2325,55,21901
2405,61,21905
2532,64,21930
2812,57,21937
2824,41,21967
3098,25,21980
3152,29,21981
3188,33,21986
3255,1,21989
3393,5,21992
3435,20,21998
3503,13,22014
3558,52,22021
3642,36,22022
3707,28,22028
3732,51,22030
3854,42,22035
3921,45,22037
3975,28,22041
4286,34,22049
4311,26,22060
4510,6,22077
4592,33,22094
4648,20,22098
4665,56,22104
4743,24,22112
4781,44,22138
4821,11,22140
4835,23,22151
4997,44,22159
67,45,22169
92,8,22196
137,61,22206
203,33,22211
353,61,22214
462,3,22219
668,10,22224
743,38,22225
780,27,22226
786,15,22230
848,14,22236
989,17,22253
1009,4,22268
1023,32,22269
1064,53,22269
1074,12,22287
1153,41,22297
1265,4,22298
1285,62,22307
1295,18,22310
1331,22,22321
1352,54,22322
1371,46,22323
1570,40,22330
1582,48,22336
1740,5,22341
1817,43,22369
1984,54,22398
2647,58,22406
2909,40,22408
2982,39,22410
3119,57,22421
3272,63,22433
3572,2,22441
3682,25,22443
3796,16,22444
3978,35,22460
4069,45,22472
4074,23,22477
4119,59,22483
4464,29,22486
4598,44,22495
4682,42,22501
4747,30,22511
4748,21,22512
4783,0,22516
4789,36,22519
4816,4,22522
95,9,22523
167,17,22532
315,1,22550
466,10,22562
553,31,22588
615,46,22588
923,55,22588
1127,62,22592
1514,49,22629
1525,19,22644
1567,1,22659
1577,41,22684
1694,49,22684
1745,16,22689
1838,0,22690
1955,51,22697
2149,7,22705
2160,12,22715
2200,4,22720
2356,29,22734
2478,21,22740
2646,27,22740
2873,35,22744
2905,20,22748
3252,34,22750
3325,62,22761
3389,47,22763
3403,28,22768
3406,16,22779
3486,37,22796
3568,45,22797
3612,32,22798
3674,60,22813
3718,11,22823
3808,52,22823
3833,24,22827
3893,61,22828
4023,6,22835
4062,39,22836
4359,58,22842
4451,50,22844
4525,56,22864
4538,64,22871
4601,53,22875
4608,46,22917
4647,34,22925
4730,21,22947
4782,43,22950
35,44,22952
60,13,22962
140,20,22968
253,50,22970
271,25,22974
274,8,22988
380,26,22997
455,26,23003
686,22,23009
727,55,23015
797,51,23020
849,32,23038
966,3,23041
1003,33,23077
1025,38,23086
1150,57,23104
1219,55,23105
1236,60,23106
1396,64,23106
1419,22,23111
1565,26,23121
1585,17,23122
2173,37,23127
2219,24,23134
2291,56,23137
2531,42,23141
2614,12,23147
2739,0,23148
2747,9,23149
2750,62,23150
2869,34,23160
2879,19,23162
2893,40,23164
2956,38,23167
3216,28,23179
3234,7,23182
3386,30,23184
3500,14,23188
3504,15,23192
3687,64,23195
3785,44,23196
3954,12,23213
4051,10,23222
4250,21,23243
4384,34,23245
4395,57,23281
4560,61,23287
4564,2,23291
4613,48,23296
4649,20,23301
4703,11,23302
4749,18,23306
4833,63,23306
4845,12,23307
4851,31,23310
4900,15,23320
105,5,23323
170,54,23324
283,9,23332
368,4,23337
432,63,23338
525,4,23342
567,13,23353
582,16,23355
659,53,23357
734,44,23372
763,24,23378
996,47,23388
1324,31,23412
1339,43,23415
1360,1,23427
1422,9,23430
1446,53,23431
1561,33,23452
1579,23,23455
1778,59,23463
1849,36,23500
1900,49,23510
1947,3,23517
1961,61,23523
2145,17,23535
2220,35,23538
2258,23,23542
2267,8,23567
2304,27,23571
2425,40,23593
2522,64,23598
2533,34,23601
2553,31,23603
2618,19,23621
2806,42,23636
3007,41,23641
3019,12,23649
3029,60,23672
3053,46,23676
3240,29,23679
3801,1,23687
3814,11,23687
4138,56,23687
4259,58,23690
4263,6,23692
4277,42,23698
4492,43,23702
4800,1,23707
4810,62,23711
4880,4,23721
4891,52,23738
15,2,23754
98,26,23757
233,44,23758
485,45,23759
498,11,23796
510,32,23801
628,44,23801
1168,32,23804
1204,45,23824
1313,39,23828
1335,11,23841
1362,37,23851
1729,20,23860
1854,50,23864
1865,22,23871
1899,45,23895
1905,6,23909
2007,38,23911
2089,25,23923
2377,31,23924
2384,38,23927
2821,51,23929
2884,14,23933
2934,35,23948
3051,47,23957
3227,5,23970
3270,49,23972
3559,25,23978
3622,7,23985
3672,37,23998
3676,28,24002
3685,11,24018
3778,25,24018
4114,9,24019
4150,37,24021
4206,62,24028
4223,18,24045
4499,30,24045
4683,52,24048
4922,39,24058
4949,55,24059
40,54,24062
153,27,24071
156,29,24089
407,63,24094
459,0,24111
523,16,24113
657,37,24119
660,64,24128
699,55,24131
772,25,24136
798,60,24141
846,47,24150
982,15,24152
1274,4,24153
1922,21,24159
1987,44,24170
1991,48,24177
2014,30,24186
2036,10,24193
2237,40,24194
2388,53,24196
2504,6,24200
2669,57,24204
2721,28,24206
2846,3,24216
2952,63,24221
2991,49,24224
3091,23,24229
3147,12,24231
3410,24,24232
3420,9,24276
3437,45,24284
3506,40,24285
3520,30,24291
3565,34,24292
3813,8,24295
3823,39,24302
3834,29,24315
3835,56,24315
3837,33,24318
4043,13,24328
4077,36,24338
4089,59,24358
4103,46,24359
4195,2,24361
4254,62,24382
4329,61,24392
4356,40,24402
4401,49,24408
4864,11,24413
4892,21,24429
4903,35,24436
4931,12,24459
43,37,24463
50,17,24467
370,31,24472
419,19,24476
424,11,24484
537,48,24489
681,53,24489
705,30,24502
874,22,24512
889,14,24530
1027,42,24535
1090,41,24546
1249,58,24555
1329,3,24565
1587,33,24569
1716,43,24580
1751,32,24586
1809,50,24588
2033,60,24595
2049,7,24598
2055,1,24605
2087,39,24612
2144,0,24618
2312,62,24641
2316,24,24646
2509,60,24649
2536,9,24651
2744,16,24656
2786,27,24662
2803,22,24675
2882,49,24681
2983,25,24696
3338,54,24700
3418,16,24707
3428,22,24726
3976,60,24726
4352,5,24739
4380,40,24751
4677,26,24752
4831,52,24753
4848,52,24756
114,36,24767
130,46,24770
216,44,24793
239,10,24795
431,20,24801
546,28,24805
577,38,24820
670,41,24821
901,61,24832
955,59,24847
961,29,24861
1190,17,24864
1315,52,24865
1434,18,24876
1670,13,24881
1682,21,24889
1702,12,24890
1923,61,24900
2125,62,24908
2190,12,24916
2245,2,24919
2354,58,24919
2364,51,24922
2397,42,24933
2433,6,24947
2456,34,24964
2488,64,24965
2601,7,24975
2609,59,24977
2667,55,24982
2860,63,24985
2878,38,25005
2883,17,25011
2974,57,25012
2979,0,25017
3150,25,25029
3264,12,25038
3291,23,25038
3548,39,25039
3679,34,25044
3737,46,25057
3811,12,25059
3846,54,25062
3912,58,25079
4100,29,25087
4200,9,25088
4252,47,25092
4490,33,25103
4511,15,25125
4536,13,25127
4547,23,25130
4843,4,25147
4960,61,25149
241,8,25161
421,1,25171
654,39,25174
675,45,25179
988,56,25179
1125,4,25209
1291,39,25210
1607,5,25222
1872,2,25237
1884,62,25251
2080,50,25259
2292,22,25278
2424,6,25279
2466,53,25290
2496,42,25297
2573,32,25300
2637,32,25302
2656,35,25304
3035,51,25312
3064,48,25313
3205,25,25320
3219,16,25321
3274,27,25330
3280,19,25340
3311,31,25341
3384,37,25348
3401,28,25360
3457,56,25367
3515,43,25369
3602,11,25371
3738,40,25391
3793,62,25407
3799,30,25422
3902,3,25435
3951,60,25441
4012,4,25445
4287,17,25454
4327,6,25455
4434,41,25460
4482,18,25479
4561,24,25489
4610,13,25492
4720,14,25495
4763,11,25501
4849,64,25503
252,36,25531
278,10,25571
439,58,25577
454,33,25580
564,12,25584
676,49,25593
703,5,25600
861,53,25603
917,25,25615
960,58,25618
1018,57,25621
1108,29,25623
1178,41,25636
1511,48,25653
1512,61,25654
1735,0,25656
1848,26,25668
2021,52,25680
2027,46,25685
2158,55,25693
2248,52,25706
2293,47,25711
2323,20,25722
2357,32,25725
2420,7,25727
2567,2,25733
2881,13,25735
3190,59,25737
3259,19,25753
3445,44,25757
3470,11,25758
3591,4,25765
3830,40,25774
4090,53,25774
4145,21,25778
4173,58,25812
4183,1,25817
4190,39,25822
4382,12,25828
4488,51,25829
4524,37,25830
4830,6,25843
134,32,25854
220,42,25873
584,46,25873
593,63,25880
601,36,25907
617,22,25930
778,23,25934
789,9,25936
830,43,25936
892,34,25937
1172,38,25942
1310,46,25946
1364,32,25950
1365,60,25950
1393,25,25965
1533,33,25996
1597,50,26013
1658,18,26015
1911,54,26018
1980,4,26019
2281,16,26020
2480,12,26026
2560,45,26032
2852,57,26043
2889,30,26047
2945,11,26048
2972,19,26049
3124,46,26053
3253,43,26054
3283,10,26058
3502,2,26064
3681,27,26068
3702,57,26069
4045,29,26097
4115,15,26122
4270,8,26130
4424,33,26133
4438,42,26143
4614,64,26167
4770,56,26172
339,4,26177
358,43,26181
441,24,26188
484,3,26194
534,21,26200
583,14,26213
602,20,26213
790,31,26229
860,29,26234
886,0,26249
929,61,26255
975,33,26264
1046,35,26274
1062,55,26302
1070,28,26305
1183,64,26314
1361,7,26320
1421,46,26323
1473,15,26327
1484,14,26329
1635,56,26359
1934,50,26379
2094,62,26381
2448,46,26384
2453,60,26394
2524,51,26395
2541,37,26413
2760,26,26430
2773,17,26448
2820,4,26449
3025,62,26454
3074,49,26461
3093,5,26466
3110,19,26498
3166,40,26515
3462,30,26518
3512,13,26521
3561,34,26522
3822,48,26523
3880,40,26543
3890,41,26543
3913,31,26548
3964,25,26572
3991,47,26588
4007,17,26595
4059,22,26621
4141,57,26622
4388,1,26625
4394,48,26636
4586,13,26640
4588,21,26641
4596,59,26643
4661,21,26652
4933,5,26662
4952,25,26665
4968,44,26677
39,52,26681
54,58,26682
179,42,26697
223,39,26698
446,8,26702
819,36,26703
1012,56,26704
1047,55,26716
1117,7,26718
1235,8,26731
1252,53,26743
1598,18,26764
1718,29,26770
1785,0,26771
1950,63,26775
1970,9,26777
2096,53,26783
2097,23,26796
2105,64,26800
2181,6,26819
2195,62,26820
2212,38,26828
2252,10,26841
2280,27,26858
2503,21,26861
2695,13,26875
2742,37,26876
2759,44,26892
2775,47,26892
2969,34,26901
3084,45,26904
3344,58,26912
3350,32,26917
3372,57,26922
3431,5,26930
3495,14,26947
3743,23,26962
4210,54,26964
4313,11,26969
4387,12,26971
4646,44,26971
4686,43,26983
4817,31,26984
4866,46,26988
4909,16,26989
11,26,26994
197,1,26997
323,51,26997
381,2,27000
464,10,27003
612,4,27019
623,11,27020
640,20,27029
678,13,27032
692,8,27044
702,57,27044
757,62,27052
758,12,27064
1042,61,27065
1424,3,27074
1510,20,27099
1537,1,27100
1556,22,27102
1721,45,27109
1869,47,27118
1972,49,27139
1986,50,27143
2034,35,27147
2041,24,27154
2430,29,27155
2455,5,27159
2461,15,27159
2518,30,27162
2624,60,27170
2741,6,27183
2813,51,27191
2900,5,27198
2992,7,27211
3624,34,27211
3692,33,27217
3782,15,27223
3894,28,27233
4110,14,27234
4572,19,27244
4641,55,27245
4681,64,27261
4696,25,27273
143,40,27301
190,41,27307
246,61,27321
310,49,27345
369,47,27347
375,18,27356
398,53,27356
596,7,27376
598,23,27384
683,36,27385
707,63,27388
869,17,27420
945,59,27437
1580,52,27443
1677,19,27455
1732,59,27460
2255,26,27481
2285,7,27483
2353,44,27486
2450,21,27513
2473,64,27527
2549,46,27531
2554,4,27543
2602,39,27546
2612,48,27547
2641,32,27551
2797,42,27551
2823,35,27573
2833,0,27574
2949,49,27576
2963,62,27598
3006,56,27610
3441,40,27611
3448,26,27618
3453,9,27623
3526,57,27650
3798,13,27652
3895,62,27670
4010,44,27671
4036,37,27680
4219,3,27681
4226,43,27690
4240,56,27696
4563,5,27698
4589,14,27704
4935,11,27710
352,38,27710
467,63,27711
531,45,27713
605,31,27724
666,22,27731
890,53,27747
928,8,27757
953,27,27772
1032,2,27773
1099,4,27775
1241,12,27776
1400,45,27781
1578,15,27783
1590,4,27789
1621,28,27791
1698,25,27815
1733,37,27839
1767,48,27847
1807,10,27852
1830,58,27873
1941,29,27878
1969,41,27882
2029,9,27884
2109,18,27887
2133,51,27887
2530,14,27890
2576,1,27893
2630,35,27893
2718,19,27895
2720,50,27910
2728,61,27918
2930,54,27919
2943,30,27923
3003,43,27940
3284,57,27946
3877,17,27956
3918,27,27960
3925,3,27965
3942,8,27970
4151,16,27973
4162,6,27975
4234,20,27977
4291,25,27977
4497,0,27991
4754,21,27992
4847,28,27999
4859,42,28018
4898,22,28026
20,40,28026
38,63,28048
41,32,28074
85,0,28086
154,40,28089
226,60,28089
322,6,28097
347,24,28099
350,55,28103
385,51,28107
661,38,28117
804,12,28120
882,2,28124
985,9,28126
1072,17,28151
1094,34,28157
1188,55,28170
1293,54,28177
1436,59,28188
1440,23,28189
1526,33,28189
1536,4,28196
1589,18,28196
1591,27,28197
1605,15,28198
1709,0,28201
1723,47,28202
1734,58,28210
1775,4,28220
1842,41,28220
2113,4,28224
2146,36,28247
2210,7,28249
2376,42,28256
2469,26,28259
2485,36,28264
2719,51,28278
2774,56,28300
2898,50,28318
2998,15,28325
3031,52,28325
3145,41,28368
3159,46,28371
3185,54,28390
3472,42,28399
3498,8,28400
3528,16,28400
3599,43,28410
3644,44,28413
3677,31,28425
3759,32,28426
3868,48,28437
3905,39,28446
3944,25,28447
4009,27,28458
4021,49,28458
4153,22,28479
4283,25,28482
4295,38,28482
4788,64,28497
4828,13,28499
4868,50,28499
4889,62,28502
4991,14,28508
10,60,28520
53,29,28528
90,38,28532
144,60,28535
204,4,28537
308,45,28540
458,57,28540
479,23,28543
508,5,28545
538,23,28550
805,18,28555
831,30,28574
1069,5,28594
1106,49,28594
1206,50,28598
1230,62,28634
1312,27,28645
1355,11,28650
1389,53,28655
1483,20,28659
1493,2,28695
1617,10,28704
1627,19,28709
1846,35,28731
1862,15,28739
1909,36,28739
2054,61,28743
2381,58,28746
2427,1,28749
2468,39,28749
2470,49,28750
2717,43,28751
2770,24,28760
2950,9,28765
3015,39,28765
3075,17,28766
3126,51,28772
3254,37,28773
3574,1,28779
3659,59,28788
3974,20,28793
4037,14,28852
4084,47,28863
4253,6,28865
4262,3,28893
4346,56,28894
4397,32,28903
4466,45,28917
4477,31,28919
4503,23,28932
4556,22,28933
4620,30,28933
4684,19,28939
4769,63,28944
4827,7,28961
4882,21,28962
77,28,28963
122,40,28963
388,1,28997
568,59,29002
608,34,29019
875,29,29038
1019,9,29047
1198,60,29056
1308,39,29060
1326,15,29075
1379,19,29083
1520,12,29092
1606,24,29092
1620,2,29100
1676,55,29101
1944,48,29105
1958,61,29116
1983,22,29125
2082,0,29133
2111,59,29156
2241,29,29166
2284,33,29169
2386,47,29169
2391,54,29169
2493,25,29172
2600,62,29172
2620,30,29203
2863,2,29253
2875,26,29259
2995,58,29263
3349,11,29271
3392,48,29280
3476,9,29284
3518,38,29290
3536,60,29299
3618,13,29309
3722,41,29314
3750,5,29317
3794,34,29322
3872,52,29324
4003,42,29328
4085,26,29329
4231,46,29331
4245,16,29342
4268,59,29346
4285,56,29347
4348,4,29364
4425,56,29364
4797,15,29365
4809,64,29369
4854,0,29372
4926,8,29383
4937,20,29391
13,44,29396
22,44,29401
135,15,29425
300,40,29426
443,9,29449
449,57,29456
460,28,29459
469,16,29462
509,16,29467
1088,50,29485
1159,18,29494
1369,17,29505
1414,24,29514
1431,51,29515
1513,53,29531
1544,49,29553
1643,62,29558
1799,34,29584
1895,64,29590
1982,22,29604
2347,30,29608
2626,32,29608
2634,27,29612
2655,49,29623
2681,53,29623
2725,11,29634
2802,43,29634
3018,64,29650
3052,35,29658
3118,52,29663
3262,3,29666
3299,23,29666
3326,62,29672
3353,2,29674
3717,10,29677
4006,40,29708
4099,37,29730
4212,36,29732
4344,11,29735
4507,58,29742
4568,46,29748
4617,31,29759
4894,59,29759
4925,14,29762
37,48,29769
61,1,29772
212,45,29793
265,8,29803
429,7,29811
594,6,29819
616,16,29825
866,55,29831
911,41,29843
1024,56,29843
1208,51,29846
1220,2,29850
1404,60,29870
1476,0,29872
1502,9,29890
1586,63,29901
1728,21,29908
2061,42,29908
2065,5,29915
2502,23,29919
2512,20,29929
2551,54,29933
2662,30,29945
2723,16,29959
2850,39,29963
2890,52,29968
3002,19,29976
3050,7,29982
3067,27,29982
3087,29,29994
3260,43,29997
3318,4,29998
3335,27,29999
3396,0,30000
4627,23,30015
4644,26,30028
4662,61,30032
4934,44,30033
9,61,30040
46,17,30044
160,33,30051
284,40,30052
301,31,30062
414,47,30062
532,25,30071
597,12,30073
739,62,30093
752,37,30095
809,49,30095
829,11,30099
896,33,30107
948,51,30118
992,29,30159
1060,14,30161
1226,28,30166
1244,13,30168
1303,54,30189
1314,11,30192
1349,64,30200
1518,54,30201
1558,38,30207
1593,35,30211
1644,41,30212
1706,48,30226
1737,63,30237
1926,25,30275
2003,57,30275
2224,6,30278
2370,8,30282
2374,52,30288
2679,45,30289
2782,51,30312
2918,23,30321
2986,15,30327
3127,12,30345
3198,4,30352
3228,58,30353
3424,0,30357
3604,9,30359
3684,22,30373
3706,18,30375
3784,17,30380
3825,56,30391
3867,2,30398
3885,33,30403
3994,42,30424
4042,39,30434
4111,50,30434
4238,3,30442
4302,7,30487
4453,11,30491
4582,27,30492
4590,24,30493
4870,63,30498
4871,55,30505
4998,16,30509
21,10,30546
73,20,30547
111,16,30559
149,34,30565
193,6,30568
225,43,30574
247,32,30575
326,1,30580
383,6,30586
748,53,30592
764,23,30597
828,46,30600
891,38,30601
894,47,30606
986,19,30607
1000,10,30626
1097,10,30641
1119,28,30641
1305,40,30642
1448,64,30643
1831,36,30648
1897,3,30649
2091,59,30667
2148,29,30678
2187,46,30683
2191,39,30695
2467,60,30699
3017,40,30709
3047,27,30712
3128,37,30722
3279,61,30729
3444,62,30729
3473,64,30754
3657,0,30765
3696,53,30768
3939,38,30778
3980,11,30779
4124,48,30792
4139,7,30801
4184,31,30817
4341,12,30822
4373,26,30824
4465,5,30825
319,44,30825
415,35,30830
639,25,30841
671,42,30848
816,30,30856
883,36,30862
1184,11,30863
1196,8,30867
1247,20,30869
1320,44,30891
1374,41,30901
1427,0,30906
1482,21,30907
1496,34,30908
1499,48,30908
1539,22,30914
1560,14,30917
1845,58,30924
1855,52,30928
2225,59,30930
2329,60,30948
2619,44,30949
2665,15,30968
2832,6,30969
3001,13,30979
3100,63,30986
3243,37,31001
3373,49,31015
3400,18,31016
3429,49,31026
3458,57,31039
3763,9,31040
3881,16,31046
3884,11,31048
3971,17,31050
4044,40,31057
4148,5,31063
4293,45,31084
4422,42,31086
4540,56,31087
4654,17,31088
4705,4,31108
4740,10,31112
4751,4,31113
4785,33,31117
4846,15,31122
4944,58,31122
6,1,31132
7,13,31136
28,51,31161
175,3,31163
227,18,31177
240,54,31180
248,62,31185
400,25,31190
483,19,31215
545,58,31220
642,21,31222
795,50,31222
872,44,31231
964,32,31233
1164,29,31235
1169,45,31256
1719,27,31267
2072,56,31271
2330,47,31274
2343,42,31286
2371,41,31288
2537,55,31302
2574,41,31311
2583,45,31317
2799,31,31319
3285,52,31321
3464,49,31336
3466,2,31340
3511,34,31411
3584,9,31417
3603,37,31438
3704,8,31448
4070,0,31453
4174,24,31470
4217,28,31471
4235,45,31476
4309,6,31488
4581,31,31488
4621,48,31499
4709,56,31500
4729,44,31518
4799,46,31523
4943,43,31531
4966,61,31533
4972,10,31542
80,26,31544
181,53,31556
262,54,31561
316,23,31572
342,64,31575
355,33,31582
448,46,31590
494,14,31613
576,62,31616
644,38,31620
696,28,31629
775,34,31629
852,12,31639
1170,59,31645
1344,22,31649
1541,30,31653
1546,24,31660
1576,39,31667
1769,61,31677
1776,47,31679
1781,55,31681
2023,55,31685
2150,40,31686
2193,17,31690
2303,46,31702
2333,57,31711
2426,9,31712
2462,35,31714
2604,36,31715
2660,0,31720
2692,33,31722
2710,41,31731
2752,19,31733
2768,11,31741
2792,26,31743
2817,7,31746
2867,38,31759
2926,6,31763
2937,49,31784
3092,59,31795
3117,48,31804
3181,63,31813
3222,52,31828
3238,46,31829
3268,20,31833
3293,19,31840
3324,42,31850
3332,60,31858
3596,50,31860
3635,50,31863
3754,39,31869
3773,15,31872
3850,36,31875
3973,15,31877
3987,44,31880
4091,14,31899
4126,19,31909
4257,41,31927
4411,62,31927
4501,5,31929
4669,2,31934
4674,29,31955
4921,27,31967
4954,37,31989
136,6,31990
211,58,32018
324,13,32024
515,38,32027
519,2,32031
943,6,32035
978,16,32041
1549,4,32047
1652,18,32053
1779,56,32056
1829,30,32060
1932,3,32063
2067,1,32064
2128,20,32079
2274,2,32085
2421,40,32088
2477,34,32104
2555,24,32108
2650,25,32129
2701,7,32138
2740,51,32155
2903,32,32165
3009,54,32170
3099,4,32181
3173,10,32184
3319,17,32193
3405,1,32198
3490,47,32204
3543,60,32210
3691,8,32213
3760,31,32213
4097,17,32217
4108,14,32218
4144,21,32221
4158,40,32230
4301,16,32234
4335,33,32246
4450,64,32260
4485,55,32271
4491,29,32283
4494,4,32287
4742,45,32322
4773,47,32335
4957,3,32340
4981,37,32353
163,20,32360
189,0,32362
242,18,32366
243,27,32370
354,46,32372
435,42,32373
440,63,32374
465,23,32381
497,50,32392
550,49,32405
650,61,32407
800,38,32408
1129,36,32411
1209,35,32417
1269,26,32419
1470,43,32440
1528,28,32446
1566,56,32449
1786,2,32457
1804,44,32460
2001,11,32465
2035,8,32481
2157,34,32486
2360,12,32487
2390,24,32490
2686,60,32505
2829,63,32510
2987,25,32521
3106,4,32544
3132,53,32553
3165,5,32562
3310,9,32562
3354,7,32566
3425,20,32583
3623,59,32583
3929,0,32592
4028,28,32608
4258,32,32621
4330,22,32627
4476,62,32628
4505,57,32631
4587,46,32635
4612,48,32658
4780,39,32670
4856,4,32674
4905,8,32679
100,11,32681
132,45,32701
451,52,32708
461,15,32714
710,22,32732
876,12,32740
906,17,32740
967,3,32745
991,20,32745
1043,53,32751
1101,8,32765
1110,55,32770
1229,57,32772
1270,2,32774
1384,38,32782
1430,39,32786
1654,54,32789
1730,41,32806
1824,56,32809
1891,64,32814
1910,31,32833
2355,47,32839
2372,5,32840
2476,58,32867
2507,10,32870
3016,16,32871
3094,37,32872
3141,62,32876
3167,34,32885
3209,56,32889
3379,19,32890
3523,27,32893
3735,26,32902
3752,49,32904
3923,62,32909
3940,17,32910
4011,33,32915
4047,1,32930
4083,18,32936
4155,6,32944
4255,4,32958
4296,26,32977
4375,13,32979
4758,12,32984
4796,14,32987
18,30,32988
159,41,32994
174,51,32996
185,0,33003
191,10,33015
236,60,33032
250,63,33045
302,60,33055
425,24,33065
512,44,33097
542,36,33114
560,22,33116
700,29,33128
769,29,33151
862,53,33161
884,11,33192
1065,21,33192
1105,50,33199
1251,48,33200
1287,40,33212
1480,28,33219
1803,33,33224
1812,57,33226
1825,9,33237
1956,23,33248
2368,43,33258
2417,42,33278
2439,16,33279
2441,43,33280
2457,3,33291
2515,3,33292
2640,31,33298
2645,15,33320
2666,23,33328
2737,52,33334
2864,10,33336
3024,1,33357
3129,29,33357
3178,36,33359
3210,52,33367
3239,61,33374
3308,39,33408
3608,14,33411
3755,35,33414
4055,13,33418
4273,64,33423
4299,32,33426
4456,22,33427
4496,4,33429
4593,18,33433
4927,8,33436
109,25,33437
188,30,33438
206,58,33455
374,17,33468
812,33,33468
832,45,33485
897,38,33491
1163,28,33492
1415,59,33493
1442,20,33522
1490,15,33528
1516,7,33547
1517,27,33562
1889,56,33573
2130,1,33584
2366,8,33588
2445,11,33597
2452,46,33600
2569,56,33605
2611,49,33626
2783,55,33633
2826,54,33640
2911,5,33645
3039,33,33648
3184,37,33660
3289,12,33670
3485,30,33672
3489,18,33687
3590,19,33693
3594,20,33696
3650,6,33697
3764,2,33698
3892,24,33701
3938,32,33720
4014,63,33729
4033,53,33740
4075,7,33746
4081,0,33748
4104,22,33756
4135,15,33773
4237,4,33778
4281,24,33788
4607,30,33788
4663,62,33788
4678,41,33808
4813,18,33820
107,47,33821
313,3,33828
362,36,33833
637,8,33843
726,51,33846
907,52,33862
924,60,33865
1100,34,33875
1337,45,33897
1342,64,33906
1839,43,33915
1915,31,33919
2026,0,33922
2046,26,33932
2129,24,33935
2375,61,33938
2815,9,33941
2916,14,33945
3062,4,33955
3135,31,33974
3208,30,33987
3229,58,33990
3297,10,34002
3398,3,34003
3459,43,34007
3474,62,34010
3481,18,34012
3842,16,34017
3843,40,34028
3858,12,34035
3883,59,34061
3953,59,34064
4082,38,34066
4280,44,34081
4305,39,34083
4369,24,34095
4723,6,34100
4803,57,34112
4826,21,34115
200,48,34116
282,1,34118
325,7,34136
340,53,34140
513,22,34142
708,35,34143
813,42,34149
947,50,34161
997,23,34165
998,47,34167
1008,38,34188
1053,36,34191
1126,29,34198
1140,1,34210
1259,59,34211
1346,28,34213
1380,64,34251
1505,15,34266
1819,57,34277
1821,32,34287
1877,13,34289
1898,46,34291
2051,61,34297
2101,11,34310
2183,2,34335
2201,33,34337
2288,42,34342
2411,30,34347
2568,27,34351
2606,4,34353
2642,17,34374
2707,20,34423
2838,25,34425
2989,41,34430
3479,5,34434
3715,55,34435
4016,63,34437
4035,5,34452
4120,14,34452
4127,61,34457
4128,7,34484
4472,18,34487
4919,8,34499
4932,63,34504
12,38,34507
26,49,34509
298,19,34516
456,32,34520
496,54,34524
558,28,34530
655,10,34540
904,29,34542
937,26,34561
941,45,34565
1316,53,34565
1458,27,34572
1503,34,34573
1559,37,34590
1717,56,34593
1727,46,34607
1762,58,34611
1770,4,34618
1788,9,34623
1876,0,34626
1985,62,34631
2025,37,34633
2032,18,34641
2095,29,34646
2153,7,34690
2232,16,34695
2572,34,34696
2628,60,34697
2862,60,34700
2924,5,34712
2964,19,34734
3174,51,34750
3999,42,34753
4136,20,34760
4247,51,34770
4555,2,34795
4673,33,34813
4738,41,34815
4918,40,34819
72,45,34819
82,24,34827
84,6,34837
97,10,34837
201,12,34839
428,22,34846
562,64,34846
600,44,34848
614,52,34851
706,31,34854
1006,38,34862
1139,2,34882
1144,43,34887
1187,6,34889
1266,58,34896
1289,35,34903
1372,51,34915
1373,48,34918
1429,31,34925
1550,3,34931
1609,59,34939
1794,11,34952
1806,27,34954
1992,21,34959
2084,63,34967
2184,11,34981
2235,5,34991
2460,26,34994
2689,40,35004
2819,1,35015
2842,37,35021
2928,61,35022
2954,43,35029
3065,46,35051
3191,17,35053
3204,56,35059
3333,39,35064
3507,36,35069
3517,34,35072
3828,42,35078
3857,15,35096
3935,25,35098
3941,38,35099
4098,23,35110
4163,60,35119
4208,29,35120
4508,13,35121
4550,30,35130
4629,33,35130
4708,50,35133
4715,5,35141
4801,55,35148
4886,33,35149
4914,24,35150
4929,5,35158
23,13,35162
62,42,35162
133,47,35164
360,19,35170
404,2,35174
590,31,35177
669,51,35193
741,6,35220
746,12,35224
893,59,35237
950,51,35243
993,8,35264
1211,33,35264
1428,57,35267
1852,62,35270
1904,9,35292
1906,53,35293
2180,53,35299
2318,58,35325
2438,11,35335
2790,58,35357
2831,14,35376
2856,60,35376
2999,30,35378
3057,63,35386
3083,4,35399
3103,26,35403
3123,0,35408
3131,52,35414
3211,45,35419
3346,49,35427
3370,3,35432
3408,43,35437
3499,54,35446
3553,16,35468
3736,17,35477
3772,48,35489
3865,25,35500
4053,59,35500
4399,32,35503
4470,28,35506
4486,59,35529
4543,22,35535
4554,18,35547
4603,64,35551
4659,4,35563
4764,61,35570
4980,15,35579
4982,53,35589
70,10,35595
118,20,35598
150,40,35612
260,25,35613
312,60,35614
329,7,35624
356,3,35626
418,50,35645
486,59,35673
539,43,35674
677,44,35681
779,0,35682
859,1,35691
873,35,35704
976,23,35709
1201,38,35710
1336,1,35734
1581,63,35744
1614,41,35754
1650,47,35762
1660,58,35776
1700,5,35778
1901,7,35785
1902,22,35795
2028,27,35815
2137,51,35819
2207,14,35835
2229,9,35837
2283,29,35837
2396,46,35844
2479,18,35852
2511,19,35859
2552,52,35861
2636,41,35877
2761,41,35878
2907,57,35884
2981,2,35885
3163,39,35899
3256,15,35903
3562,24,35906
3597,41,35913
3730,35,35915
3851,21,35917
3914,18,35919
4080,56,35922
4271,37,35946
4390,32,35950
4670,48,35959
4772,36,35966
4793,39,35971
4818,34,35978
42,33,35980
121,13,35983
194,48,35984
481,12,36004
585,54,36007
621,46,36014
651,44,36020
749,55,36024
765,62,36027
811,59,36045
1031,32,36046
1167,6,36067
1278,21,36070
1736,20,36074
1761,11,36079
1768,31,36106
1797,26,36120
1892,42,36130
1963,53,36131
2179,8,36143
2550,49,36144
3021,61,36158
3221,16,36160
3246,8,36168
3450,10,36169
3658,60,36169
3660,25,36182
3751,51,36184
3756,49,36203
3817,49,36217
3862,43,36232
3962,62,36238
3982,0,36239
3995,60,36242
4041,11,36259
4142,4,36265
4170,30,36285
4251,55,36296
4433,43,36298
4447,7,36302
4633,56,36329
4693,17,36339
4767,30,36342
4836,4,36355
4876,45,36378
64,62,36381
279,2,36388
378,22,36409
433,1,36422
447,7,36430
587,6,36432
636,63,36434
645,0,36449
646,23,36454
698,3,36466
717,32,36473
751,48,36477
888,57,36479
971,38,36502
1095,28,36504
1112,40,36505
1202,31,36506
1257,11,36532
1359,22,36534
1465,64,36537
1509,35,36544
1599,16,36547
1639,52,36553
1659,35,36554
1687,24,36564
1811,11,36566
1827,61,36567
1975,21,36568
2234,18,36582
2270,24,36584
2342,27,36590
2403,50,36592
2585,52,36627
2621,59,36629
2738,5,36637
2769,18,36641
2880,29,36658
3013,42,36658
3041,14,36681
3169,44,36681
3180,55,36697
3194,12,36699
3217,47,36703
3296,10,36705
3387,49,36705
3415,20,36716
3600,10,36717
3667,62,36719
3753,47,36735
3815,17,36739
3853,9,36742
3882,25,36742
3891,58,36744
4046,7,36753
4165,37,36755
4203,44,36764
4213,56,36794
4214,11,36803
4316,39,36804
4428,28,36811
4690,19,36813
4771,54,36820
117,51,36822
228,21,36838
332,26,36838
366,15,36841
411,25,36875
695,46,36875
926,43,36889
983,41,36895
1091,30,36917
1104,16,36924
1123,36,36925
1255,56,36940
1309,6,36941
1397,34,36945
1474,15,36952
1494,60,36965
1500,33,36971
1618,13,36979
1642,45,36993
1662,53,36998
1665,32,37011
1843,25,37014
1912,49,37020
1920,61,37033
2451,10,37034
2481,39,37036
2545,14,37045
2677,24,37045
2793,26,37046
2902,19,37048
2966,48,37060
2984,38,37062
3014,48,37072
3101,58,37098
3172,1,37103
3342,63,37108
3368,62,37112
3529,37,37132
3533,23,37136
3607,8,37156
3721,7,37160
4001,13,37160
4094,2,37164
4278,8,37166
4468,34,37181
4537,28,37185
4585,0,37188
4628,52,37191
4660,57,37201
3,48,37212
165,40,37226
205,56,37230
395,30,37234
397,53,37235
541,51,37239
579,51,37247
591,55,37249
750,44,37266
762,27,37298
984,43,37307
1221,7,37312
1250,18,37321
1382,4,37325
1386,7,37327
1450,20,37336
1861,61,37344
2103,39,37348
2296,33,37353
2302,31,37354
2359,38,37358
2406,3,37362
2673,64,37372
2680,29,37390
2708,10,37393
2735,17,37395
2834,9,37400
3220,1,37407
3258,24,37408
3294,47,37410
3313,22,37416
3343,35,37419
3438,56,37436
3484,63,37443
3544,9,37454
3545,62,37458
3564,21,37459
3899,32,37459
3957,12,37469
3958,50,37477
3981,52,37498
3985,0,37510
4066,49,37519
4152,11,37524
4220,43,37526
4435,46,37537
4449,9,37539
4452,5,37541
4514,49,37559
4530,54,37563
4750,26,37567
4869,59,37569
152,40,37575
192,63,37588
244,42,37601
269,54,37616
272,44,37622
341,37,37647
379,63,37653
490,16,37692
559,57,37692
588,63,37695
714,25,37725
802,0,37736
822,36,37738
833,53,37757
1216,6,37760
1366,17,37766
1466,42,37773
1547,28,37785
1601,45,37789
1633,10,37794
1690,6,37797
1771,38,37805
1933,41,37815
1978,2,37821
2059,27,37825
2085,30,37835
2162,24,37846
2268,8,37854
2315,11,37856
2400,52,37880
2520,15,37885
2615,7,37886
2822,60,37889
2980,48,37895
3010,61,37895
3122,14,37899
3278,32,37907
3300,60,37913
3348,55,37914
3380,27,37918
3449,24,37921
3465,33,37922
3471,51,37945
3521,56,37945
3617,52,37955
3655,39,37956
3731,18,37958
3762,56,37971
3802,7,37977
3810,59,37977
3829,13,37978
3928,19,37978
3965,26,37981
3988,20,37997
4086,3,38001
4121,60,38007
4362,12,38018
4378,25,38021
4412,56,38026
4427,58,38033
4444,10,38050
4506,13,38050
4531,32,38066
4619,50,38068
4655,23,38077
4701,24,38083
4802,31,38086
4858,59,38091
17,34,38093
183,47,38134
245,60,38135
405,33,38158
540,0,38177
625,29,38178
643,49,38189
647,0,38191
690,52,38194
864,13,38198
1092,42,38209
1118,21,38213
1185,22,38224
1245,28,38247
1256,1,38257
1363,4,38266
1375,38,38268
1501,32,38273
1871,39,38276
1894,62,38277
1927,64,38283
1939,7,38289
2068,5,38296
2164,45,38307
2483,57,38308
2499,55,38319
2586,48,38326
2625,60,38328
2643,33,38334
2683,46,38343
2687,25,38346
2931,40,38362
3077,13,38368
3089,44,38369
3112,61,38371
3171,17,38376
3509,9,38380
3551,34,38383
3744,24,38386
3909,35,38398
3916,33,38399
4048,40,38402
4156,10,38405
4164,48,38405
4194,58,38415
4393,4,38418
4418,57,38424
4441,36,38430
4467,29,38433
4642,41,38438
4837,15,38443
4964,17,38446
